Books,Al-Fatiha,Al-Baqarah,Al Imran,An-Nisa,Al-Maidah,Al-Anam,Al-Araf,Al-Anfal,At-Tawbah,Yunus,Hud,Yusuf,Ar-Rad,Ibrahim,Al-Hijr,An-Nahl,Al-Isra,Al-Kahf,Maryam,Ta-Ha,Al-Anbiya,Al-Hajj,Al-Muminun,An-Nur,Al-Furqan,Ash-Shuara,An-Naml,Al-Qasas,Al-Ankabut,Ar-Rum,Luqmaan,As-Sajda,Al-Ahzaab,Saba (surah),Faatir,Yaseen,As-Saaffaat,Saad,Az-Zumar,Ghafir,Fussilat,Ash_Shooraa,Az-Zukhruf,Ad-Dukhaan,Al-Jaathiyah,Al-Ahqaaf,Muhammad,Al-Fath,Al-Hujuraat,Qaaf,Adh-Dhaariyaat,At-Toor,An-Najm,Al-Qamar,Ar-Rahman,Al-Waqia,Al-Hadeed,Al-Mujadila,Al-Hashr,Al-Mumtahanah,As-Saff,Al-Jumuah,Al-Munafiqoon,At-Taghabun,At-Talaq,At-Tahreem,Al-Mulk,Al-Qalam,Al-Haaqqa,Al-Maaarij,Nooh,Al-Jinn,Al-Muzzammil,Al-Muddaththir,Al-Qiyamah,Al-Insaan,Al-Mursalaat,An-Naba,An-Naaziaat,Abasa,At-Takweer,Al-Infitar,Al-Mutaffifeen,Al-Inshiqaaq,Al-Burooj,At-Taariq,Al-Alaa,Al-Ghaashiyah,Al-Fajr,Al-Balad,Ash-Shams,Al-Layl,Ad-Dhuha,Ash-Sharh,At-Teen,Al-Alaq,Al-Qadr,Al-Bayyinahh,Az-Zalzalah,Al-Aadiyaat,Al-Qaariah,At-Takaathur,Al-Asr,Al-Humazah,Al-Feel,Quraysh,Al-Maaoon,Al-Kawthar,Al-Kaafiroon,An-Nasr,Al-Masad,Al-Ikhlaas,Al-Falaq,Al-Naas
Book document vector lengths,1.2437546,12.0326185,8.601518,15.884416,10.36416,9.440633,10.061121,9.19738,13.243578,7.8152747,8.92848,13.951215,6.9171066,5.579214,7.112788,6.9160542,6.887006,8.884559,8.200533,10.026495,8.096786,7.267349,7.033678,10.507551,6.469302,10.778635,7.2888846,8.919254,7.113171,7.021858,5.7814355,5.496509,10.770853,6.5544567,6.530757,6.261778,7.833577,8.209372,7.695585,7.240781,6.1843653,7.260932,6.32682,5.827696,6.5279593,6.371207,7.200827,7.4708467,6.1083527,5.640805,5.46716,5.003108,4.9589615,7.094233,10.672884,6.8485813,6.9475174,6.120327,5.98451,6.164407,4.1128216,3.6798034,4.1315613,5.064017,5.29734,4.425383,4.9980497,4.3133893,4.740505,4.3624163,3.626121,3.8453128,5.376072,4.8699794,4.8630056,5.3878946,5.7413282,4.87443,4.583652,4.3032923,3.9431548,3.3117478,4.096645,2.9284668,3.3820405,2.562324,2.840191,3.5317657,3.532286,2.2312572,2.4198046,2.432183,1.892466,1.4361306,1.3303891,2.7895026,1.4121889,2.9071753,1.7174963,2.0427544,1.6044722,1.431325,1.0252644,1.8368328,1.3119335,0.9314393,0.94244635,0.5507023,0.92893636,1.0292928,1.6271334,0.63727987,0.9301461,1.0345705
Book sum of word vector lengths,642.6494805216789,97094.42899745703,57663.72657930851,56879.82963472605,44258.87128409743,51569.97604778409,54990.28204187751,20275.997943729162,40758.586856395006,29954.562134176493,31431.036444723606,28620.79043060541,13997.772869825363,13614.808103859425,11119.175212562084,30402.718687534332,25346.097260445356,26468.056081563234,16663.58735024929,22861.626998484135,19689.171223014593,20238.3137435019,17232.493130981922,19844.32646560669,15273.385583341122,22393.729587107897,18904.22458550334,24059.497216403484,16253.091231673956,13899.976508498192,8765.83557409048,6200.613937288523,19796.46855941415,14999.89253360033,12377.918528109789,12524.062388300896,15242.793881684542,12036.653671622276,19660.00983980298,20061.408137708902,14079.490316659212,13712.350096791983,14769.1313444376,5977.43469119072,8692.904998898506,11514.808467656374,10032.572819918394,9574.359657764435,5284.598734110594,6087.260451346636,6217.957529902458,5643.610250711441,5942.549888908863,6512.43190830946,6578.9854155778885,6408.1468677818775,9807.272918015718,8059.6889025866985,7206.90904545784,6279.438512444496,3316.058202534914,2582.6948587596416,3067.0983812212944,4627.658780217171,4387.151060640812,3809.4886805713177,5577.807160466909,5564.550418078899,4531.496790468693,3785.9261475503445,3484.616932928562,4432.479428559542,3481.9692322313786,4418.5043496489525,2920.786832779646,3579.2135947346687,3767.051227748394,3431.7309252619743,3238.674442321062,2341.524159401655,1699.4766901433468,1393.5942553281784,2836.032884478569,1869.4134915471077,1596.601485311985,1117.7753360271454,1307.5940315127373,1415.326345473528,2287.3066897392273,1372.5844958424568,1216.6997903585434,1501.5990312099457,840.6785943210125,443.8411446213722,571.5933680832386,1151.5629948973656,514.6987892389297,1323.3207612633705,647.3539779782295,765.0221883654594,621.0955522060394,535.87912940979,311.5650651752949,494.8722805082798,291.9195844531059,261.59109553694725,480.7680049240589,212.46153301000595,370.8054099082947,244.53120309114456,308.17956310510635,241.72319912910461,354.6017178595066,246.71479910612106

Similarity matrix,Al-Fatiha,Al-Baqarah,Al Imran,An-Nisa,Al-Maidah,Al-Anam,Al-Araf,Al-Anfal,At-Tawbah,Yunus,Hud,Yusuf,Ar-Rad,Ibrahim,Al-Hijr,An-Nahl,Al-Isra,Al-Kahf,Maryam,Ta-Ha,Al-Anbiya,Al-Hajj,Al-Muminun,An-Nur,Al-Furqan,Ash-Shuara,An-Naml,Al-Qasas,Al-Ankabut,Ar-Rum,Luqmaan,As-Sajda,Al-Ahzaab,Saba (surah),Faatir,Yaseen,As-Saaffaat,Saad,Az-Zumar,Ghafir,Fussilat,Ash_Shooraa,Az-Zukhruf,Ad-Dukhaan,Al-Jaathiyah,Al-Ahqaaf,Muhammad,Al-Fath,Al-Hujuraat,Qaaf,Adh-Dhaariyaat,At-Toor,An-Najm,Al-Qamar,Ar-Rahman,Al-Waqia,Al-Hadeed,Al-Mujadila,Al-Hashr,Al-Mumtahanah,As-Saff,Al-Jumuah,Al-Munafiqoon,At-Taghabun,At-Talaq,At-Tahreem,Al-Mulk,Al-Qalam,Al-Haaqqa,Al-Maaarij,Nooh,Al-Jinn,Al-Muzzammil,Al-Muddaththir,Al-Qiyamah,Al-Insaan,Al-Mursalaat,An-Naba,An-Naaziaat,Abasa,At-Takweer,Al-Infitar,Al-Mutaffifeen,Al-Inshiqaaq,Al-Burooj,At-Taariq,Al-Alaa,Al-Ghaashiyah,Al-Fajr,Al-Balad,Ash-Shams,Al-Layl,Ad-Dhuha,Ash-Sharh,At-Teen,Al-Alaq,Al-Qadr,Al-Bayyinahh,Az-Zalzalah,Al-Aadiyaat,Al-Qaariah,At-Takaathur,Al-Asr,Al-Humazah,Al-Feel,Quraysh,Al-Maaoon,Al-Kawthar,Al-Kaafiroon,An-Nasr,Al-Masad,Al-Ikhlaas,Al-Falaq,Al-Naas
Al-Fatiha,0.0,0.24841398000717163,0.5281012654304504,0.33059048652648926,0.46482449769973755,0.5581351518630981,0.47211596369743347,0.43268918991088867,0.2679220736026764,0.671254575252533,0.5340776443481445,0.29022711515426636,0.6854180693626404,0.7624815106391907,0.6238530874252319,0.6643407940864563,0.6080460548400879,0.4347189664840698,0.6781458258628845,0.5181357860565186,0.5555526614189148,0.5972298383712769,0.668290913105011,0.39319509267807007,0.6622400283813477,0.5203191637992859,0.5496295690536499,0.5452781319618225,0.7865818738937378,0.6515762805938721,0.7405563592910767,0.7739763259887695,0.45199456810951233,0.7469840049743652,0.6739426851272583,0.5899137258529663,0.6058541536331177,0.6020737290382385,0.7272945642471313,0.7745065093040466,0.7395531535148621,0.743723452091217,0.7346484661102295,0.6075661182403564,0.7309356927871704,0.722910463809967,0.532942533493042,0.5503602623939514,0.6320663094520569,0.6275470852851868,0.6012173295021057,0.6414271593093872,0.6374061107635498,0.4621029198169708,0.5563135147094727,0.4422968029975891,0.6657920479774475,0.5928018689155579,0.676758885383606,0.6627042293548584,0.7262715101242065,0.7547164559364319,0.7096017003059387,0.8043299317359924,0.5868851542472839,0.6882584095001221,0.671848475933075,0.6564587354660034,0.5800895094871521,0.7404675483703613,0.7632362246513367,0.7549731731414795,0.6399016976356506,0.7492399215698242,0.653771698474884,0.5995871424674988,0.6510323882102966,0.6684480309486389,0.6923456192016602,0.666973888874054,0.6062278151512146,0.7137051224708557,0.6354297399520874,0.6515694856643677,0.7427060604095459,0.6688798069953918,0.7762014865875244,0.7154260277748108,0.7648903131484985,0.787423849105835,0.6229393482208252,0.7215834259986877,0.734323263168335,0.5978990793228149,0.7121945023536682,0.7990384101867676,0.5175249576568604,0.7272519469261169,0.5950958728790283,0.6852185130119324,0.4790955185890198,0.7086326479911804,0.7811480760574341,0.6664795279502869,0.7689127326011658,0.5684382319450378,0.4818233251571655,0.7101718187332153,0.740483283996582,0.7668549418449402,0.7155352234840393,0.36725497245788574,0.5112344622612,0.6605765223503113
Al-Baqarah,0.24841398000717163,0.0,0.6402119994163513,0.7714787721633911,0.7099468111991882,0.12573006749153137,0.028905685991048813,0.6329325437545776,0.6600453853607178,0.1370937079191208,-0.044342558830976486,0.29923903942108154,0.24060815572738647,0.26690566539764404,-0.05664360523223877,0.5258784294128418,0.23461781442165375,-0.06526821106672287,0.0297992080450058,0.04465365782380104,-0.10984603315591812,0.4837659001350403,-0.039738915860652924,0.7840467095375061,0.050066590309143066,-0.024338683113455772,0.25482261180877686,0.20884019136428833,0.16779807209968567,0.3792440891265869,0.5149844288825989,0.11690457165241241,0.747410237789154,-0.06380727142095566,0.4600696563720703,0.16117537021636963,-0.15938465297222137,-0.04286016896367073,-0.0017322698840871453,-0.008262437768280506,0.12056458741426468,0.3488099277019501,0.09674927592277527,0.025318393483757973,0.19405807554721832,0.17186470329761505,0.4453844428062439,0.5735191702842712,0.7090445756912231,0.10144568979740143,0.08164623379707336,0.371783584356308,0.33471712470054626,-0.15911853313446045,-0.08264084905385971,0.12743330001831055,0.6067691445350647,0.595095157623291,0.43156135082244873,0.6439642310142517,0.6484473347663879,0.5555675029754639,0.5175729393959045,0.4642283320426941,0.748444139957428,0.5071755051612854,0.23224832117557526,0.30006512999534607,0.07574590295553207,0.2991842031478882,0.17516666650772095,0.2866102457046509,0.47799697518348694,0.22384105622768402,0.17921404540538788,0.2457440197467804,0.0772387906908989,0.10950921475887299,0.18337887525558472,0.37491920590400696,0.29198330640792847,0.2747122347354889,0.20999278128147125,0.3482920825481415,0.2875787913799286,0.2482534497976303,0.39800527691841125,0.29254743456840515,0.28005343675613403,0.506531834602356,0.22385600209236145,0.32633739709854126,0.5218544006347656,0.3030562698841095,0.2795921564102173,0.39529573917388916,0.3158157467842102,0.46359992027282715,0.36021581292152405,0.3161379396915436,0.300886869430542,0.34974077343940735,0.4215865731239319,0.331144243478775,0.30036839842796326,0.5085378289222717,0.42283815145492554,0.2516224682331085,0.2805335521697998,0.5687462091445923,0.3995497226715088,0.16709227859973907,0.1916648894548416,0.3583950400352478
Al Imran,0.5281012654304504,0.6402119994163513,0.0,0.6770301461219788,0.6871696710586548,0.15699288249015808,0.04344416782259941,0.7226508259773254,0.7369378805160522,0.3725241422653198,0.16796042025089264,0.11934273689985275,0.43595513701438904,0.46139317750930786,0.12896253168582916,0.557360827922821,0.21649396419525146,-0.03763069212436676,0.17065639793872833,0.037212006747722626,0.0655752643942833,0.5594928860664368,0.24691921472549438,0.6170662045478821,0.20212680101394653,0.13656054437160492,0.19668510556221008,0.2414843738079071,0.5332978367805481,0.4459371268749237,0.5485032796859741,0.37672561407089233,0.7264412641525269,0.24365666508674622,0.480387806892395,0.22464576363563538,0.13226011395454407,0.11073377728462219,0.34560590982437134,0.4284241795539856,0.3750637471675873,0.5116313099861145,0.26527711749076843,0.17903651297092438,0.5477892160415649,0.47622770071029663,0.6305457949638367,0.6747485399246216,0.6929017305374146,0.24437128007411957,0.19421175122261047,0.35083651542663574,0.37222686409950256,0.09045471251010895,0.10342253744602203,0.14923793077468872,0.6859703063964844,0.5818074941635132,0.628272533416748,0.7173299193382263,0.7375444769859314,0.6499156951904297,0.6641619205474854,0.7119525074958801,0.7002706527709961,0.6668935418128967,0.3528704047203064,0.37435904145240784,0.1716860681772232,0.5059332251548767,0.2868870794773102,0.4735192656517029,0.43340471386909485,0.4911578595638275,0.26827871799468994,0.26533904671669006,0.2959519028663635,0.2874142825603485,0.3181150555610657,0.37196168303489685,0.3509159982204437,0.3585934340953827,0.4506032466888428,0.48008453845977783,0.5061026811599731,0.2489662617444992,0.46548622846603394,0.4159383177757263,0.3952628970146179,0.5740566253662109,0.2685922384262085,0.4868691563606262,0.5577827095985413,0.3494488298892975,0.4075659513473511,0.4974267780780792,0.2256636619567871,0.6907936930656433,0.31496214866638184,0.4089660942554474,0.46056583523750305,0.4712839722633362,0.5440748929977417,0.4518350064754486,0.34155213832855225,0.48275068402290344,0.5699158906936646,0.39821165800094604,0.5151340365409851,0.6053867936134338,0.45714762806892395,0.20391714572906494,0.28359097242355347,0.47338661551475525
An-Nisa,0.33059048652648926,0.7714787721633911,0.6770301461219788,0.0,0.7692915797233582,0.048240188509225845,-0.17791110277175903,0.7583923935890198,0.7999568581581116,-0.018819043412804604,-0.16141895949840546,0.10535161942243576,0.2529475688934326,0.1052558422088623,-0.11063530296087265,0.5008618235588074,0.12879718840122223,-0.08333367854356766,-0.02476414293050766,-0.1741986721754074,-0.19510003924369812,0.4703245759010315,-0.01457209326326847,0.8182496428489685,0.07573933154344559,-0.15928219258785248,0.03810508921742439,0.06571470201015472,0.16292540729045868,0.2585531175136566,0.44300031661987305,0.059327855706214905,0.8542420268058777,-0.024243226274847984,0.5412043333053589,0.1198471337556839,-0.14518684148788452,-0.1901787668466568,0.10761011391878128,-0.014949971809983253,0.12072905898094177,0.44337227940559387,-0.021445080637931824,-0.08105025440454483,0.10965757071971893,0.1727481186389923,0.5866252183914185,0.6782940030097961,0.7329180240631104,-0.040511589497327805,-0.12109905481338501,0.2944297790527344,0.18174518644809723,-0.21067185699939728,0.042612891644239426,0.11675229668617249,0.6205490231513977,0.664841890335083,0.5369155406951904,0.7752444744110107,0.621646523475647,0.5348737239837646,0.5683276653289795,0.4974026381969452,0.7258200645446777,0.5478368997573853,0.2589550316333771,0.29504963755607605,-0.007926887832581997,0.37833458185195923,0.1304953247308731,0.3751538395881653,0.39365991950035095,0.25742650032043457,0.11175138503313065,0.17068743705749512,0.01574629917740822,0.1165628582239151,0.050710778683423996,0.2838033139705658,0.11970873922109604,0.20497843623161316,0.23348073661327362,0.3357076644897461,0.30412423610687256,0.16278108954429626,0.3063890337944031,0.25902438163757324,0.18090149760246277,0.4927307367324829,0.10701411962509155,0.36632704734802246,0.5205086469650269,0.27276289463043213,0.1841549128293991,0.38194382190704346,0.14655983448028564,0.5139585733413696,0.3225492238998413,0.28319016098976135,0.2778034508228302,0.34350958466529846,0.39313673973083496,0.31830501556396484,0.27047649025917053,0.42964527010917664,0.5328279137611389,0.3667372167110443,0.36322709918022156,0.5274574756622314,0.3921402096748352,0.11083561927080154,0.2347531020641327,0.2688341438770294
Al-Maidah,0.46482449769973755,0.7099468111991882,0.6871696710586548,0.7692915797233582,0.0,0.19611060619354248,0.11174850910902023,0.7286430597305298,0.668994128704071,0.2424100935459137,0.10922060906887054,0.1546848565340042,0.29460984468460083,0.28381890058517456,0.026628950610756874,0.5511413812637329,0.18898145854473114,0.04110747575759888,0.08433239907026291,0.10259849578142166,-0.09929527342319489,0.556145429611206,0.06201326847076416,0.7154262661933899,0.09380362182855606,0.1704704314470291,0.18672792613506317,0.22840355336666107,0.3048954904079437,0.27947139739990234,0.4629903733730316,0.28304871916770935,0.8210688829421997,0.09222406893968582,0.4390828013420105,0.1902712881565094,-0.027297524735331535,-0.019922059029340744,0.11767464876174927,0.18387505412101746,0.27719759941101074,0.39155149459838867,0.22349147498607635,0.10006177425384521,0.29391488432884216,0.392789363861084,0.6429981589317322,0.6746034622192383,0.817836344242096,0.13622058928012848,0.1616622507572174,0.44261404871940613,0.27474579215049744,0.056745536625385284,0.20141412317752838,0.1903696209192276,0.61232590675354,0.619945228099823,0.5430392026901245,0.7995608448982239,0.7121108770370483,0.6775238513946533,0.6783972382545471,0.5948201417922974,0.6683202981948853,0.6154211759567261,0.2927647531032562,0.3749234974384308,0.1749630570411682,0.43413984775543213,0.31128183007240295,0.4214882254600525,0.5160831809043884,0.36389437317848206,0.15376880764961243,0.23950131237506866,0.2608166038990021,0.2012290060520172,0.19520393013954163,0.29172807931900024,0.2815624475479126,0.33929571509361267,0.3582790791988373,0.3824046552181244,0.44126999378204346,0.2506573498249054,0.40252968668937683,0.3715915381908417,0.3485253155231476,0.5399754047393799,0.23522847890853882,0.373403936624527,0.5717902183532715,0.42191702127456665,0.3346330225467682,0.4745064079761505,0.30090704560279846,0.6246243715286255,0.3363803029060364,0.35992562770843506,0.35927239060401917,0.4526641070842743,0.44814711809158325,0.36815857887268066,0.46795332431793213,0.5812079310417175,0.5627970099449158,0.3610086143016815,0.5570037961006165,0.5980650782585144,0.4355330765247345,-0.08216116577386856,0.3190048635005951,0.4302918612957001
Al-Anam,0.5581351518630981,0.12573006749153137,0.15699288249015808,0.048240188509225845,0.19611060619354248,0.0,0.3958437740802765,0.15136626362800598,0.045796800404787064,0.7015930414199829,0.3797518312931061,0.14755645394325256,0.5937105417251587,0.4260720908641815,0.3278310298919678,0.6498258709907532,0.43503138422966003,0.4449690282344818,0.30049774050712585,0.3479827344417572,0.4327760338783264,0.4933511018753052,0.555990993976593,0.1428482085466385,0.5630481243133545,0.17881333827972412,0.27559348940849304,0.29414060711860657,0.5127443075180054,0.4499269127845764,0.512142539024353,0.660231351852417,0.09830360859632492,0.5916829109191895,0.513605535030365,0.6037232875823975,0.32471805810928345,0.291044145822525,0.5682752728462219,0.4329657554626465,0.6670321822166443,0.5828990340232849,0.6382686495780945,0.4279942214488983,0.6292972564697266,0.5657219290733337,0.3868236541748047,0.20265540480613708,0.34875959157943726,0.474751353263855,0.37197813391685486,0.6245231628417969,0.5400060415267944,0.38473665714263916,0.32040467858314514,0.36793848872184753,0.27866271138191223,0.26661285758018494,0.24505560100078583,0.27415043115615845,0.33669811487197876,0.4915820062160492,0.40062791109085083,0.4460199177265167,0.2841441333293915,0.16347454488277435,0.5961284637451172,0.5431624054908752,0.46494510769844055,0.43570053577423096,0.306588351726532,0.641469419002533,0.4035263657569885,0.5030980706214905,0.41970813274383545,0.29061180353164673,0.4629983603954315,0.43100470304489136,0.4001787304878235,0.4183199107646942,0.36795729398727417,0.509954035282135,0.36516642570495605,0.3352218270301819,0.3422170877456665,0.5960826873779297,0.4800114035606384,0.4723806083202362,0.39079374074935913,0.44344770908355713,0.3584687411785126,0.35818901658058167,0.46106886863708496,0.3806316554546356,0.4420941174030304,0.5257837772369385,0.3899814188480377,0.3851897716522217,0.36618536710739136,0.34427782893180847,0.20284855365753174,0.4726678729057312,0.3563644587993622,0.39829787611961365,0.5261381268501282,0.2826771140098572,0.276652455329895,0.5439423322677612,0.5241171717643738,0.4213688373565674,0.42458996176719666,0.30954939126968384,0.19071166217327118,0.2789762616157532
Al-Araf,0.47211596369743347,0.028905685991048813,0.04344416782259941,-0.17791110277175903,0.11174850910902023,0.3958437740802765,0.0,0.00773648452013731,-0.13223008811473846,0.5965859293937683,0.7562385201454163,0.5664249062538147,0.1036713719367981,0.622444212436676,0.6933136582374573,0.2221134901046753,0.4503940939903259,0.6354907155036926,0.551859438419342,0.6963911056518555,0.7090057134628296,0.1078885942697525,0.6458498239517212,-0.09018472582101822,0.4265192449092865,0.7595106959342957,0.6630518436431885,0.7497729659080505,0.515783429145813,0.3448222875595093,0.26538118720054626,0.5884670615196228,0.04333251714706421,0.45838668942451477,0.13759157061576843,0.522727906703949,0.746979296207428,0.7209339737892151,0.22667904198169708,0.44107913970947266,0.4291281998157501,0.09074398130178452,0.7380698323249817,0.5864641070365906,0.45310842990875244,0.590154230594635,0.1723533272743225,0.11788208782672882,0.25212758779525757,0.4884333908557892,0.7108407616615295,0.4583888649940491,0.3081839084625244,0.6179491281509399,0.2306670993566513,0.44198766350746155,0.1056840568780899,0.14495092630386353,0.24088598787784576,0.1900598704814911,0.34713417291641235,0.3773998022079468,0.3682103753089905,0.29571202397346497,0.2302439957857132,0.4664020538330078,0.37755176424980164,0.6161021590232849,0.44142499566078186,0.36778342723846436,0.6581376791000366,0.45852282643318176,0.29370251297950745,0.3959333598613739,0.49204322695732117,0.42900314927101135,0.4876689612865448,0.43706291913986206,0.5022393465042114,0.457564115524292,0.45019057393074036,0.3905237019062042,0.527140200138092,0.37959304451942444,0.335747092962265,0.2943970561027527,0.3943265974521637,0.5098959803581238,0.5363411903381348,0.4109514653682709,0.5000956058502197,0.21822486817836761,0.39844292402267456,0.3871770203113556,0.42014601826667786,0.3968954384326935,0.24139763414859772,0.2960720658302307,0.3302420973777771,0.3474780321121216,0.2266935408115387,0.4254050850868225,0.29082778096199036,0.3598919212818146,0.6341493129730225,0.45947104692459106,0.016488200053572655,0.24689097702503204,0.4013919234275818,0.3815305531024933,0.46633532643318176,-0.015554721467196941,0.15192443132400513,0.4168320894241333
Al-Anfal,0.43268918991088867,0.6329325437545776,0.7226508259773254,0.7583923935890198,0.7286430597305298,0.15136626362800598,0.00773648452013731,0.0,0.8685963153839111,0.2406061291694641,0.03214353322982788,0.05748314782977104,0.3977057933807373,0.39093688130378723,0.050004005432128906,0.5915219783782959,0.17082799971103668,-0.001463627559132874,-0.06776083260774612,-0.05814769119024277,-0.0052025336772203445,0.642920970916748,0.18022525310516357,0.8229194283485413,0.18955034017562866,0.06459914147853851,0.13319674134254456,0.10508182644844055,0.364825576543808,0.5216028690338135,0.5471868515014648,0.36837276816368103,0.833641767501831,0.15182872116565704,0.5605790019035339,0.3332256078720093,0.02183557115495205,-0.10335114598274231,0.3009350299835205,0.3219837546348572,0.3603624403476715,0.4733177423477173,0.17512375116348267,0.22438344359397888,0.3807610273361206,0.37397438287734985,0.7602295279502869,0.8342247009277344,0.8135674595832825,0.26628074049949646,0.22245489060878754,0.3511551022529602,0.33535051345825195,0.11117658019065857,0.24721989035606384,0.320967435836792,0.7494509816169739,0.7850510478019714,0.7434307932853699,0.7080836296081543,0.6946715116500854,0.7026405334472656,0.7304353713989258,0.6974505186080933,0.7480208873748779,0.5574195384979248,0.44653716683387756,0.3451855480670929,0.3041149377822876,0.5449405908584595,0.2679690420627594,0.3429744243621826,0.5904616713523865,0.43988439440727234,0.32099300622940063,0.2925789952278137,0.27220419049263,0.31977391242980957,0.3533206582069397,0.4041668474674225,0.4053104817867279,0.43781882524490356,0.5096282362937927,0.5182644128799438,0.5647104978561401,0.2789546549320221,0.448137104511261,0.49247658252716064,0.323166161775589,0.5504193902015686,0.3462282419204712,0.46599259972572327,0.47162723541259766,0.562081515789032,0.3506375849246979,0.47849586606025696,0.35084593296051025,0.7150278091430664,0.39096978306770325,0.5649382472038269,0.45539045333862305,0.5771626830101013,0.5072715878486633,0.5483446717262268,0.4453135132789612,0.486710786819458,0.6091601252555847,0.2669999599456787,0.4601125717163086,0.6559644341468811,0.5260092616081238,0.027142025530338287,0.314507395029068,0.4876364469528198
At-Tawbah,0.2679220736026764,0.6600453853607178,0.7369378805160522,0.7999568581581116,0.668994128704071,0.045796800404787064,-0.13223008811473846,0.8685963153839111,0.0,0.1281445473432541,-0.1422123908996582,-0.04358633980154991,0.3318471908569336,0.25250446796417236,-0.10477610677480698,0.505149245262146,0.06634055823087692,-0.16034121811389923,-0.19789326190948486,-0.19813193380832672,-0.148986354470253,0.5469842553138733,0.06932366639375687,0.768051028251648,0.10280707478523254,-0.15307408571243286,-0.03869346156716347,-0.0036904553417116404,0.2764532268047333,0.4307023882865906,0.44061043858528137,0.2015264928340912,0.7809229493141174,0.021828150376677513,0.52921462059021,0.1995135247707367,-0.10845871269702911,-0.22504514455795288,0.1991107165813446,0.20318058133125305,0.20366351306438446,0.43503016233444214,0.0013640888500958681,0.03288048878312111,0.33084341883659363,0.2266707867383957,0.7364398837089539,0.7736741900444031,0.6831701397895813,0.12099362909793854,0.009415687061846256,0.26203131675720215,0.1862318068742752,-0.0514381043612957,0.022248176857829094,0.1678699404001236,0.6729469299316406,0.6715309619903564,0.6734157800674438,0.6648145318031311,0.6342383623123169,0.5200549364089966,0.6349444389343262,0.5956047773361206,0.7279254794120789,0.48509007692337036,0.318125456571579,0.266131728887558,0.08782743662595749,0.4990931749343872,0.08191055804491043,0.35098955035209656,0.4636485278606415,0.37483739852905273,0.15899284183979034,0.19734668731689453,0.10623840242624283,0.1659398227930069,0.15143997967243195,0.2991539537906647,0.21060098707675934,0.2224358469247818,0.40143072605133057,0.4228315055370331,0.4136388301849365,0.07606615126132965,0.31658411026000977,0.3664278984069824,0.15468615293502808,0.4276849329471588,0.21961288154125214,0.42211732268333435,0.4036978781223297,0.38347092270851135,0.18601706624031067,0.3157687485218048,0.1378924548625946,0.6361941695213318,0.27650079131126404,0.3840964138507843,0.36733242869377136,0.36439529061317444,0.4118221700191498,0.4467875063419342,0.2438783347606659,0.4057271182537079,0.6143636107444763,0.16274482011795044,0.28074827790260315,0.5275126695632935,0.43589508533477783,0.011487678624689579,0.16636206209659576,0.3048979938030243
Yunus,0.671254575252533,0.1370937079191208,0.3725241422653198,-0.018819043412804604,0.2424100935459137,0.7015930414199829,0.5965859293937683,0.2406061291694641,0.1281445473432541,0.0,0.6454957723617554,0.1812279224395752,0.5592615008354187,0.6657537221908569,0.5101003646850586,0.5314067006111145,0.4617774486541748,0.4335741400718689,0.4281357526779175,0.4901904761791229,0.569606602191925,0.4549844264984131,0.6573107838630676,0.13992637395858765,0.6011918187141418,0.5137911438941956,0.42196494340896606,0.5033924579620361,0.7245720624923706,0.5442638993263245,0.525356650352478,0.8138041496276855,0.12409995496273041,0.7008336782455444,0.4921388626098633,0.6502748727798462,0.5092483758926392,0.5039246082305908,0.6248291730880737,0.7480648756027222,0.7459030747413635,0.5296692252159119,0.7265756130218506,0.5721043348312378,0.8188287615776062,0.7506046295166016,0.4784587621688843,0.2645445168018341,0.4294368326663971,0.6279213428497314,0.6181606650352478,0.6268182992935181,0.5255269408226013,0.5812458992004395,0.3663124740123749,0.47150108218193054,0.3402310013771057,0.29069873690605164,0.39952218532562256,0.33905744552612305,0.5170230865478516,0.5759268403053284,0.5690554976463318,0.5937802195549011,0.32579663395881653,0.3262035846710205,0.654450535774231,0.6279301047325134,0.576653242111206,0.5672981142997742,0.47365841269493103,0.5713980793952942,0.4515419006347656,0.669232964515686,0.6137987375259399,0.3872376084327698,0.6595645546913147,0.555677592754364,0.5927366018295288,0.5055052638053894,0.5465481877326965,0.6255013942718506,0.5945091843605042,0.4757150113582611,0.5037060379981995,0.5497974753379822,0.5822898745536804,0.6270776987075806,0.5816014409065247,0.5091882348060608,0.49385663866996765,0.5188445448875427,0.5713278651237488,0.4323497712612152,0.6135280132293701,0.5900169014930725,0.41367417573928833,0.4835483133792877,0.43816614151000977,0.43963128328323364,0.4749806523323059,0.6526721715927124,0.532193124294281,0.5543227195739746,0.5737189650535583,0.3355861008167267,0.2722996175289154,0.3565521836280823,0.6167199611663818,0.5074266791343689,0.5327223539352417,0.260842502117157,0.23768901824951172,0.38028982281684875
Hud,0.5340776443481445,-0.044342558830976486,0.16796042025089264,-0.16141895949840546,0.10922060906887054,0.3797518312931061,0.7562385201454163,0.03214353322982788,-0.1422123908996582,0.6454957723617554,0.0,0.5657289624214172,0.15187956392765045,0.6572092175483704,0.7245772480964661,0.17686742544174194,0.5196249485015869,0.6118259429931641,0.6209153532981873,0.7401291131973267,0.6403400897979736,0.14132317900657654,0.6691199541091919,-0.0559619665145874,0.42033544182777405,0.8275654315948486,0.6534014344215393,0.7867321968078613,0.6159339547157288,0.23812969028949738,0.3465021848678589,0.5954083204269409,0.08532308042049408,0.5026612281799316,0.1824585348367691,0.47872236371040344,0.7082883715629578,0.769088089466095,0.3834705948829651,0.5507503747940063,0.45876798033714294,0.16639964282512665,0.7569069862365723,0.6064242124557495,0.46629127860069275,0.6711172461509705,0.10645691305398941,0.0395311675965786,0.2649943232536316,0.551818311214447,0.7151108384132385,0.4226617217063904,0.36131757497787476,0.6965859532356262,0.3029451370239258,0.31215184926986694,0.03527895733714104,0.13234588503837585,0.3047119975090027,0.18378207087516785,0.3859441876411438,0.39791178703308105,0.3770601153373718,0.39031803607940674,0.20072777569293976,0.5032395720481873,0.371166467666626,0.5590282678604126,0.4966498017311096,0.37582969665527344,0.7109524011611938,0.46708667278289795,0.32012686133384705,0.46130481362342834,0.5307302474975586,0.3593621551990509,0.42938336730003357,0.42807742953300476,0.5155905485153198,0.4674834609031677,0.490230917930603,0.41172510385513306,0.4119296967983246,0.3493960201740265,0.35434257984161377,0.37582194805145264,0.46511122584342957,0.4916953444480896,0.6695535182952881,0.37545111775398254,0.5105347633361816,0.3760116994380951,0.42831698060035706,0.3777284324169159,0.459841787815094,0.46827834844589233,0.2764633297920227,0.25879403948783875,0.2714034914970398,0.3455986976623535,0.2870878279209137,0.4810042977333069,0.35714247822761536,0.37501972913742065,0.5619687438011169,0.4812363386154175,-0.06259195506572723,0.2774280607700348,0.4665292501449585,0.41782525181770325,0.4671640396118164,0.17400036752223969,0.19880378246307373,0.4043581485748291
Yusuf,0.29022711515426636,0.29923903942108154,0.11934273689985275,0.10535161942243576,0.1546848565340042,0.14755645394325256,0.5664249062538147,0.05748314782977104,-0.04358633980154991,0.1812279224395752,0.5657289624214172,0.0,-0.044492095708847046,0.46848180890083313,0.5371052026748657,0.09670761972665787,0.5155544877052307,0.6213037967681885,0.6616142988204956,0.7074125409126282,0.5665338039398193,0.0042889304459095,0.4265100359916687,0.1491820067167282,0.20751038193702698,0.6321402192115784,0.819191575050354,0.7830198407173157,0.26407375931739807,0.06441324949264526,0.3633706271648407,0.26666897535324097,0.3355400264263153,0.16236130893230438,0.1418817639350891,0.41069671511650085,0.5181505084037781,0.6336381435394287,0.049855608493089676,0.08025430142879486,0.17210640013217926,-0.008304175920784473,0.5588761568069458,0.3960956037044525,0.11795242130756378,0.42982205748558044,-0.10659167915582657,0.10198277980089188,0.30806103348731995,0.3822856545448303,0.5131800174713135,0.3353043794631958,0.36701563000679016,0.31748902797698975,0.04113703593611717,0.13347364962100983,0.06721390038728714,0.32282474637031555,0.15742598474025726,0.19544439017772675,0.3967025876045227,0.3636707365512848,0.3048706352710724,0.23085975646972656,0.3050670027732849,0.5805429220199585,0.20622451603412628,0.5804867744445801,0.37198641896247864,0.2243974208831787,0.592336893081665,0.38194796442985535,0.2528269290924072,0.2057676613330841,0.4793713390827179,0.32198452949523926,0.10220279544591904,0.28348425030708313,0.3924570679664612,0.4309227466583252,0.46562448143959045,0.3250685930252075,0.2357000708580017,0.3239499032497406,0.16691480576992035,0.3422586917877197,0.4321078062057495,0.339188814163208,0.5409159064292908,0.3364903926849365,0.4708060920238495,0.22338898479938507,0.4377559721469879,0.2837170362472534,0.27431926131248474,0.4340515434741974,0.31781911849975586,0.1041855588555336,0.33965715765953064,0.42366600036621094,0.18457190692424774,0.40505605936050415,0.2312963902950287,0.25053659081459045,0.47200074791908264,0.5098861455917358,-0.12617318332195282,0.3370599150657654,0.3325083553791046,0.44895827770233154,0.43215125799179077,0.22563450038433075,0.12854668498039246,0.3198275566101074
Ar-Rad,0.6854180693626404,0.24060815572738647,0.43595513701438904,0.2529475688934326,0.29460984468460083,0.5937105417251587,0.1036713719367981,0.3977057933807373,0.3318471908569336,0.5592615008354187,0.15187956392765045,-0.044492095708847046,0.0,0.5552695989608765,0.3848504424095154,0.834622323513031,0.47373852133750916,0.2643117904663086,0.3466348648071289,0.20532464981079102,0.31436264514923096,0.8283811211585999,0.49837931990623474,0.4435720443725586,0.7770096659660339,0.07867729663848877,0.34668081998825073,0.12915468215942383,0.6351529955863953,0.7604839205741882,0.7802761793136597,0.7318640351295471,0.2463984489440918,0.7217198610305786,0.8270695805549622,0.5862460136413574,0.33890679478645325,0.33640533685684204,0.7948487997055054,0.6608114242553711,0.7876578569412231,0.8732157945632935,0.47805458307266235,0.5363340377807617,0.7323616147041321,0.5666356682777405,0.6605981588363647,0.5787153244018555,0.5129917860031128,0.6883337497711182,0.4231899678707123,0.6813546419143677,0.8432244062423706,0.35730433464050293,0.5072152614593506,0.5250559449195862,0.739894688129425,0.5667507648468018,0.6540918946266174,0.435456246137619,0.5330817699432373,0.7148523926734924,0.5611043572425842,0.6899451613426208,0.5913776755332947,0.3263566493988037,0.7616668939590454,0.4873974919319153,0.6610978245735168,0.7376065850257874,0.38031187653541565,0.5030866861343384,0.651552140712738,0.7883747220039368,0.614884614944458,0.6239669322967529,0.6833772659301758,0.7088422775268555,0.6843854188919067,0.6744146943092346,0.6214047074317932,0.7976167798042297,0.6221095323562622,0.7192372679710388,0.7649036645889282,0.7898113131523132,0.750153124332428,0.7213879823684692,0.6236505508422852,0.7397778630256653,0.602493166923523,0.7055152654647827,0.5905805230140686,0.421997994184494,0.7710340023040771,0.695178210735321,0.7051980495452881,0.7265941500663757,0.676343560218811,0.6611089706420898,0.6439354419708252,0.6442478895187378,0.7799393534660339,0.7545744180679321,0.6337652802467346,0.30826306343078613,0.4983299672603607,0.5185733437538147,0.5158892273902893,0.6133989095687866,0.6304129362106323,0.5681561231613159,0.6145801544189453,0.5354678630828857
Ibrahim,0.7624815106391907,0.26690566539764404,0.46139317750930786,0.1052558422088623,0.28381890058517456,0.4260720908641815,0.622444212436676,0.39093688130378723,0.25250446796417236,0.6657537221908569,0.6572092175483704,0.46848180890083313,0.5552695989608765,0.0,0.6582936644554138,0.5716434121131897,0.6910163760185242,0.5028524398803711,0.6163037419319153,0.6664998531341553,0.6526565551757812,0.5839487314224243,0.6938557028770447,0.3667947053909302,0.6082844734191895,0.6355540156364441,0.6835110783576965,0.6584272384643555,0.7246465682983398,0.7646041512489319,0.746329128742218,0.7756136655807495,0.34696149826049805,0.5802915692329407,0.5768972635269165,0.6304051876068115,0.6507887840270996,0.7191903591156006,0.6428637504577637,0.7639445662498474,0.6597898602485657,0.5418530106544495,0.7286393046379089,0.7412160038948059,0.7223762273788452,0.6380561590194702,0.4647422432899475,0.49829134345054626,0.5372399091720581,0.7802479267120361,0.7601052522659302,0.5773986577987671,0.673366367816925,0.5738682746887207,0.41461437940597534,0.4932539165019989,0.6193987131118774,0.5598018765449524,0.6280704736709595,0.45678332448005676,0.7275577783584595,0.708446741104126,0.6621015071868896,0.7578051686286926,0.6208859086036682,0.6413019299507141,0.666157603263855,0.6519173979759216,0.6771962642669678,0.7134825587272644,0.7876715660095215,0.6062880158424377,0.7361480593681335,0.7396693825721741,0.794339120388031,0.7387655377388,0.6507306694984436,0.6927721500396729,0.8412810564041138,0.8113099932670593,0.7890217304229736,0.738511323928833,0.6763968467712402,0.7494404315948486,0.6843446493148804,0.611677348613739,0.8172487020492554,0.80503249168396,0.7867633700370789,0.7144811153411865,0.763644814491272,0.7603803873062134,0.6514022350311279,0.6101407408714294,0.7282086610794067,0.7500295042991638,0.5696890354156494,0.6601884365081787,0.6411600708961487,0.7682486176490784,0.57456374168396,0.7443662285804749,0.7399108409881592,0.7495961785316467,0.714555025100708,0.649003803730011,0.3019203543663025,0.3888731598854065,0.5427543520927429,0.7673830389976501,0.7733544707298279,0.2979542911052704,0.39813438057899475,0.6905677914619446
Al-Hijr,0.6238530874252319,-0.05664360523223877,0.12896253168582916,-0.11063530296087265,0.026628950610756874,0.3278310298919678,0.6933136582374573,0.050004005432128906,-0.10477610677480698,0.5101003646850586,0.7245772480964661,0.5371052026748657,0.3848504424095154,0.6582936644554138,0.0,0.291151225566864,0.6571466326713562,0.6930437088012695,0.7409199476242065,0.7220079302787781,0.8498525023460388,0.2683415114879608,0.8490645289421082,-0.039281465113162994,0.6771337389945984,0.8102138638496399,0.7596089243888855,0.6792082190513611,0.7245590090751648,0.397068053483963,0.4524420499801636,0.7158068418502808,0.07277655601501465,0.7523613572120667,0.3776662349700928,0.7207536697387695,0.8728252649307251,0.852343738079071,0.44993460178375244,0.6178561449050903,0.6346237659454346,0.31191742420196533,0.8492171168327332,0.8438997864723206,0.5425950884819031,0.7271901369094849,0.16163286566734314,0.19772973656654358,0.268797904253006,0.7791270017623901,0.8464164137840271,0.5670294761657715,0.5085116028785706,0.7692800164222717,0.4745281934738159,0.5717260241508484,0.25492730736732483,0.3269708454608917,0.44983160495758057,0.18292102217674255,0.3186054229736328,0.4588940441608429,0.42147043347358704,0.3857572376728058,0.2936032712459564,0.5127869844436646,0.535199761390686,0.7218314409255981,0.6833664774894714,0.5583457946777344,0.7622337341308594,0.5007405281066895,0.43755626678466797,0.5812413692474365,0.643587589263916,0.597270667552948,0.6556504368782043,0.7387255430221558,0.7162219882011414,0.6072597503662109,0.6164751648902893,0.6081354022026062,0.633144736289978,0.5068268775939941,0.6022812128067017,0.6027234792709351,0.6028570532798767,0.685896098613739,0.7465850710868835,0.5348467230796814,0.6379228234291077,0.4487308859825134,0.4235032796859741,0.4990521967411041,0.6391666531562805,0.46533334255218506,0.534807026386261,0.41906413435935974,0.4758666753768921,0.6215437054634094,0.4503639042377472,0.5948439240455627,0.540374219417572,0.5730904936790466,0.7292584180831909,0.4192260801792145,-0.03128470480442047,0.4403863251209259,0.458303838968277,0.43084245920181274,0.6057049632072449,0.2680981457233429,0.3458256423473358,0.5037927031517029
