Books,Al-Fatiha,Al-Baqarah,Al Imran,An-Nisa,Al-Maidah,Al-Anam,Al-Araf,Al-Anfal,At-Tawbah,Yunus,Hud,Yusuf,Ar-Rad,Ibrahim,Al-Hijr,An-Nahl,Al-Isra,Al-Kahf,Maryam,Ta-Ha,Al-Anbiya,Al-Hajj,Al-Muminun,An-Nur,Al-Furqan,Ash-Shuara,An-Naml,Al-Qasas,Al-Ankabut,Ar-Rum,Luqmaan,As-Sajda,Al-Ahzaab,Saba (surah),Faatir,Yaseen,As-Saaffaat,Saad,Az-Zumar,Ghafir,Fussilat,Ash_Shooraa,Az-Zukhruf,Ad-Dukhaan,Al-Jaathiyah,Al-Ahqaaf,Muhammad,Al-Fath,Al-Hujuraat,Qaaf,Adh-Dhaariyaat,At-Toor,An-Najm,Al-Qamar,Ar-Rahman,Al-Waqia,Al-Hadeed,Al-Mujadila,Al-Hashr,Al-Mumtahanah,As-Saff,Al-Jumuah,Al-Munafiqoon,At-Taghabun,At-Talaq,At-Tahreem,Al-Mulk,Al-Qalam,Al-Haaqqa,Al-Maaarij,Nooh,Al-Jinn,Al-Muzzammil,Al-Muddaththir,Al-Qiyamah,Al-Insaan,Al-Mursalaat,An-Naba,An-Naaziaat,Abasa,At-Takweer,Al-Infitar,Al-Mutaffifeen,Al-Inshiqaaq,Al-Burooj,At-Taariq,Al-Alaa,Al-Ghaashiyah,Al-Fajr,Al-Balad,Ash-Shams,Al-Layl,Ad-Dhuha,Ash-Sharh,At-Teen,Al-Alaq,Al-Qadr,Al-Bayyinahh,Az-Zalzalah,Al-Aadiyaat,Al-Qaariah,At-Takaathur,Al-Asr,Al-Humazah,Al-Feel,Quraysh,Al-Maaoon,Al-Kawthar,Al-Kaafiroon,An-Nasr,Al-Masad,Al-Ikhlaas,Al-Falaq,Al-Naas
Book document vector lengths,1.3834996,12.398695,9.1924925,15.058504,9.9578285,8.451365,10.249954,9.44115,14.737238,7.996942,8.735146,12.775641,7.3510447,5.971904,7.1349516,7.899609,7.4605646,8.858347,8.144623,10.217418,7.013176,6.5960646,7.1490626,10.283515,6.9271684,10.683404,7.548406,8.822091,6.5311356,7.2142634,6.23325,5.7674613,11.294816,6.266092,6.698778,6.957497,7.365727,7.603695,7.7251134,7.219336,5.81994,7.5886455,6.675641,5.4968586,6.2482424,6.0596523,7.14817,7.389733,5.867222,5.646684,4.8445554,5.2982044,5.5573883,6.839522,11.122323,6.8371487,7.253389,5.539748,5.27796,5.2854686,3.8595436,3.1293464,3.9816253,5.2511544,5.4566135,4.310117,4.95331,4.543059,5.2418904,4.518257,4.0338717,4.123184,4.2856674,3.9157555,4.1708817,4.7969885,5.5813446,4.830329,3.8606083,4.0051703,3.5186942,2.735842,4.0042057,2.684356,3.3216572,2.8632278,2.518231,3.0149896,3.1126027,2.7380154,2.54523,2.624761,1.6470076,1.2349031,1.2980814,2.3838835,1.0104929,2.5942283,1.7650411,2.0237126,1.9584396,1.6146015,0.80685425,1.5455446,1.2405962,1.3540887,1.2755169,1.0995924,1.0710982,0.923004,1.469057,1.0007353,1.3177801,1.1160408
Book sum of word vector lengths,616.1967449784279,90513.93482334912,53584.18661111593,54972.76369929314,42620.27736034989,49910.97121885419,52626.99650296569,18783.632396817207,38531.96067045629,28718.95367926359,30928.207431793213,26037.346416786313,13601.11629396677,13321.054723739624,10823.12898105383,27512.566786676645,23823.346820145845,24533.911586612463,14828.32485628128,21995.548491448164,18948.649190187454,18689.139016747475,16652.666646808386,19336.330719321966,14062.176287859678,21759.439533412457,18266.09336233139,22171.68210655451,16132.100934773684,13391.361057847738,8265.253187596798,5842.751612961292,18615.705036461353,13359.275444746017,12157.916234761477,11830.901315182447,14608.895502001047,11413.166953861713,18946.287175029516,18743.044772177935,12482.757818430662,13355.650786370039,13794.682363897562,5831.068711489439,8066.439450740814,10430.26479998231,8969.381411850452,8725.26453897357,4957.432491630316,5755.753737092018,5792.464815437794,5028.068120419979,5452.920557498932,6172.889649748802,6637.357054561377,5719.397982418537,9778.925831735134,6946.147278755903,7084.734210073948,5389.586782664061,3453.4154739677906,2678.7622568011284,2860.067790389061,4080.462642431259,4267.801321327686,3832.5745288431644,5254.559576928616,5243.335120290518,4078.130140155554,3343.4721007049084,3288.240295112133,4200.928897976875,3204.2139278650284,3944.8223189413548,2555.3167629241943,3287.915092021227,3514.4485455453396,2793.143950432539,3040.5280965566635,2026.6227271556854,1529.253211736679,1305.6045290529728,2632.7753755152225,1621.954303652048,1548.4172541499138,993.8571610152721,1134.2190231978893,1298.963267505169,2091.2779435813427,1341.8301627635956,1103.7387033998966,1377.2248986959457,831.1534632444382,369.3940076828003,499.27848744392395,1293.6189254522324,443.6071735918522,1402.8275319933891,623.7408998012543,609.3069914579391,571.5562184751034,480.9590895175934,257.1902987957001,428.8926286101341,337.6864963173866,207.714111328125,370.81188291311264,194.2972850203514,370.6447858810425,215.98038351535797,368.28328692913055,248.58858424425125,338.05545219779015,335.9566807448864

Similarity matrix,Al-Fatiha,Al-Baqarah,Al Imran,An-Nisa,Al-Maidah,Al-Anam,Al-Araf,Al-Anfal,At-Tawbah,Yunus,Hud,Yusuf,Ar-Rad,Ibrahim,Al-Hijr,An-Nahl,Al-Isra,Al-Kahf,Maryam,Ta-Ha,Al-Anbiya,Al-Hajj,Al-Muminun,An-Nur,Al-Furqan,Ash-Shuara,An-Naml,Al-Qasas,Al-Ankabut,Ar-Rum,Luqmaan,As-Sajda,Al-Ahzaab,Saba (surah),Faatir,Yaseen,As-Saaffaat,Saad,Az-Zumar,Ghafir,Fussilat,Ash_Shooraa,Az-Zukhruf,Ad-Dukhaan,Al-Jaathiyah,Al-Ahqaaf,Muhammad,Al-Fath,Al-Hujuraat,Qaaf,Adh-Dhaariyaat,At-Toor,An-Najm,Al-Qamar,Ar-Rahman,Al-Waqia,Al-Hadeed,Al-Mujadila,Al-Hashr,Al-Mumtahanah,As-Saff,Al-Jumuah,Al-Munafiqoon,At-Taghabun,At-Talaq,At-Tahreem,Al-Mulk,Al-Qalam,Al-Haaqqa,Al-Maaarij,Nooh,Al-Jinn,Al-Muzzammil,Al-Muddaththir,Al-Qiyamah,Al-Insaan,Al-Mursalaat,An-Naba,An-Naaziaat,Abasa,At-Takweer,Al-Infitar,Al-Mutaffifeen,Al-Inshiqaaq,Al-Burooj,At-Taariq,Al-Alaa,Al-Ghaashiyah,Al-Fajr,Al-Balad,Ash-Shams,Al-Layl,Ad-Dhuha,Ash-Sharh,At-Teen,Al-Alaq,Al-Qadr,Al-Bayyinahh,Az-Zalzalah,Al-Aadiyaat,Al-Qaariah,At-Takaathur,Al-Asr,Al-Humazah,Al-Feel,Quraysh,Al-Maaoon,Al-Kawthar,Al-Kaafiroon,An-Nasr,Al-Masad,Al-Ikhlaas,Al-Falaq,Al-Naas
Al-Fatiha,0.0,0.24553243815898895,0.520426332950592,0.29618778824806213,0.3713841438293457,0.4928739666938782,0.37853294610977173,0.3804928660392761,0.23150859773159027,0.6399039030075073,0.5718254446983337,0.295519083738327,0.5514556169509888,0.6833606958389282,0.5610558390617371,0.5212423801422119,0.6033901572227478,0.37184712290763855,0.519465446472168,0.4848477840423584,0.5788729786872864,0.6674917936325073,0.6441996693611145,0.3854626417160034,0.6471911668777466,0.5005984306335449,0.4951286315917969,0.3921261131763458,0.782394528388977,0.5786845684051514,0.754925012588501,0.6683506965637207,0.3541528880596161,0.6561074256896973,0.6883512735366821,0.5169306993484497,0.48322784900665283,0.5489151477813721,0.7856608033180237,0.6816308498382568,0.6861710548400879,0.764275074005127,0.6126158237457275,0.6963254809379578,0.7195574045181274,0.665461540222168,0.5041062831878662,0.28899088501930237,0.6742348670959473,0.6307901740074158,0.6382958292961121,0.5980448722839355,0.6773731708526611,0.4675469696521759,0.5766541361808777,0.571035623550415,0.5390110015869141,0.5460014939308167,0.5413217544555664,0.683853030204773,0.6148212552070618,0.6801126003265381,0.6514832377433777,0.7524721622467041,0.5059100985527039,0.5919404029846191,0.6818809509277344,0.7377060055732727,0.5596306920051575,0.6778175234794617,0.6109277009963989,0.7772358059883118,0.7216722965240479,0.6282520294189453,0.6175684928894043,0.6186407208442688,0.5049223303794861,0.6181680560112,0.6709133386611938,0.595771074295044,0.6568759679794312,0.692380428314209,0.5762984752655029,0.7251957058906555,0.684723436832428,0.654213547706604,0.7741880416870117,0.6036394834518433,0.7793580293655396,0.6322603225708008,0.6123426556587219,0.675672709941864,0.6987311840057373,0.6926652789115906,0.6345691680908203,0.7064415812492371,0.49062103033065796,0.653353750705719,0.6501458883285522,0.7561689615249634,0.6754648089408875,0.701675534248352,0.6876981258392334,0.693703830242157,0.5635794401168823,0.6887165904045105,0.7478941082954407,0.7494635581970215,0.776909589767456,0.7866805791854858,0.6888043284416199,0.8112122416496277,0.6508498787879944,0.6816315650939941
Al-Baqarah,0.24553243815898895,0.0,0.6449187397956848,0.7906243205070496,0.670481264591217,0.1415955126285553,0.026751138269901276,0.7117212414741516,0.7081563472747803,0.13355958461761475,-0.10978332906961441,0.2419973909854889,0.19195197522640228,0.1311294585466385,-0.0944245383143425,0.3851090669631958,0.19882778823375702,-0.02000144124031067,-0.09535374492406845,-0.08611821383237839,0.04860838130116463,0.3949771523475647,0.0027718988712877035,0.7829386591911316,0.046141207218170166,-0.09505941718816757,0.004763275384902954,0.09383950382471085,0.206773042678833,0.16061018407344818,0.44827091693878174,0.14224109053611755,0.7516513466835022,0.06808938831090927,0.3865176737308502,0.023022929206490517,-0.08315888047218323,-0.06385796517133713,0.2012949138879776,0.0030621339101344347,0.19570063054561615,0.3083494007587433,0.1106436625123024,0.12313283234834671,0.2705994248390198,0.18339425325393677,0.565640389919281,0.6004305481910706,0.7091278433799744,0.007995858788490295,0.13476404547691345,0.30026760697364807,0.2737082839012146,-0.07219729572534561,0.11167049407958984,0.18218402564525604,0.5442348718643188,0.6630389094352722,0.6052475571632385,0.6544048190116882,0.4450507164001465,0.5249492526054382,0.5465835928916931,0.4752216339111328,0.7202154994010925,0.5251213312149048,0.23010191321372986,0.3015536069869995,0.01709304377436638,0.29072096943855286,0.3253646492958069,0.36832642555236816,0.3886323869228363,0.2420257329940796,0.1281711608171463,0.24872514605522156,-0.066686250269413,0.10556331276893616,0.022991184145212173,0.2792340815067291,0.2541559934616089,0.1853259801864624,0.14483492076396942,0.16475462913513184,0.28351351618766785,0.2903705835342407,0.3560962378978729,0.2463371306657791,0.13279947638511658,0.3259218633174896,0.2628864645957947,0.34233421087265015,0.4389115273952484,0.4568333923816681,0.24614283442497253,0.4350140392780304,0.1713218241930008,0.4369342625141144,0.2753782272338867,0.2852539122104645,0.22240972518920898,0.33677586913108826,0.4979923963546753,0.3062498867511749,0.30906373262405396,0.45105597376823425,0.40535563230514526,0.3502446413040161,0.3727128803730011,0.3524415194988251,0.23348046839237213,0.31295132637023926,0.18900257349014282,0.43324559926986694
Al Imran,0.520426332950592,0.6449187397956848,0.0,0.6861767172813416,0.7380832433700562,0.1330052763223648,0.11795259267091751,0.788260817527771,0.7367206811904907,0.4091646671295166,0.13590067625045776,0.15908412635326385,0.283616304397583,0.3826920986175537,0.0896967351436615,0.4047045409679413,0.17325244843959808,-0.03879455476999283,0.10409431904554367,0.04369493946433067,0.21188245713710785,0.4818671643733978,0.13417929410934448,0.652916431427002,0.22910931706428528,0.15691249072551727,0.1635223925113678,0.27291885018348694,0.482454389333725,0.3327398896217346,0.45058390498161316,0.3992220461368561,0.7489938735961914,0.22609426081180573,0.3873133957386017,0.10649920254945755,0.25411927700042725,0.16059860587120056,0.4346122145652771,0.4597662687301636,0.32913750410079956,0.4479866027832031,0.28351864218711853,0.30684444308280945,0.5858290195465088,0.49017494916915894,0.7493511438369751,0.7139933109283447,0.7297409772872925,0.20495513081550598,0.3116775155067444,0.3108648955821991,0.36595386266708374,0.18131613731384277,0.1693187803030014,0.19767779111862183,0.7115303874015808,0.7444509863853455,0.7346873879432678,0.7473631501197815,0.7330909371376038,0.6830114126205444,0.748752772808075,0.7653482556343079,0.6614343523979187,0.6575903296470642,0.25313088297843933,0.4858064353466034,0.26502761244773865,0.46650373935699463,0.3158140778541565,0.4787725508213043,0.40269753336906433,0.44989117980003357,0.30142009258270264,0.33982956409454346,0.19117233157157898,0.20392954349517822,0.21030502021312714,0.25374463200569153,0.38298463821411133,0.2873898446559906,0.41628503799438477,0.4646047055721283,0.5053299069404602,0.2651393711566925,0.4294949769973755,0.2562492787837982,0.3643697500228882,0.3547510802745819,0.45507606863975525,0.4126660227775574,0.5259840488433838,0.49353668093681335,0.3980136513710022,0.4741251468658447,0.2464788556098938,0.7147224545478821,0.38351699709892273,0.4974164068698883,0.36187344789505005,0.5201648473739624,0.49064919352531433,0.43979719281196594,0.3931834101676941,0.5522570013999939,0.560989499092102,0.5544033646583557,0.58675616979599,0.5863764882087708,0.4048534035682678,0.4699443578720093,0.34494805335998535,0.5543971657752991
An-Nisa,0.29618778824806213,0.7906243205070496,0.6861767172813416,0.0,0.7383995056152344,0.08176838606595993,-0.21381142735481262,0.7768881916999817,0.8275846242904663,0.08612120896577835,-0.16872236132621765,0.08944203704595566,0.3368043303489685,0.013181320391595364,-0.11803597211837769,0.5204424262046814,0.11821345239877701,-0.132914736866951,-0.11113809794187546,-0.2242426574230194,-0.014328728429973125,0.4804289638996124,-0.0385279655456543,0.8227458000183105,0.21219384670257568,-0.20451515913009644,-0.10717833787202835,0.020803846418857574,0.2621307075023651,0.18910787999629974,0.3675038516521454,0.1449528932571411,0.8569675087928772,0.09619230031967163,0.46587467193603516,0.020929427817463875,-0.022602137178182602,-0.0627765879034996,0.2946126461029053,-0.03110453300178051,0.14400866627693176,0.38958027958869934,0.03596395626664162,0.10512489825487137,0.23402540385723114,0.16784551739692688,0.698233425617218,0.7092529535293579,0.7438055276870728,0.018731169402599335,0.1606849581003189,0.2715701758861542,0.292956680059433,-0.045702528208494186,0.06602741777896881,0.16098280251026154,0.6103819012641907,0.8034180998802185,0.7131556272506714,0.7748876810073853,0.4794676601886749,0.5099859833717346,0.5584807395935059,0.577775239944458,0.7571078538894653,0.6215014457702637,0.21912920475006104,0.2384459376335144,0.07399411499500275,0.4297693371772766,0.2486836165189743,0.4196483790874481,0.38112491369247437,0.26597899198532104,0.12364262342453003,0.30484429001808167,-0.07324540615081787,0.07190592586994171,-0.01715269312262535,0.27879568934440613,0.2058091014623642,0.21608562767505646,0.16331174969673157,0.16828617453575134,0.32997921109199524,0.23632806539535522,0.31570857763290405,0.2662791311740875,0.17760315537452698,0.34840133786201477,0.25823765993118286,0.3324863612651825,0.4598015546798706,0.4096021056175232,0.24473613500595093,0.4205596446990967,0.07970207184553146,0.5464984178543091,0.28385287523269653,0.28440648317337036,0.24564678966999054,0.3481568396091461,0.48563000559806824,0.3867672085762024,0.27364614605903625,0.43036988377571106,0.47651880979537964,0.35000917315483093,0.38980600237846375,0.3246161937713623,0.3021315634250641,0.3314703106880188,0.19899779558181763,0.4735570251941681
Al-Maidah,0.3713841438293457,0.670481264591217,0.7380832433700562,0.7383995056152344,0.0,0.2563241720199585,0.20049938559532166,0.7590221166610718,0.6776059865951538,0.320365309715271,0.1050301343202591,0.13751532137393951,0.2682025134563446,0.21177585422992706,0.11722742766141891,0.5204182267189026,0.2080579698085785,0.027015767991542816,0.047410257160663605,0.04527534916996956,0.17710840702056885,0.41077327728271484,0.09332413971424103,0.7320461273193359,0.24205583333969116,0.16644294559955597,0.10062383860349655,0.2158927023410797,0.36936017870903015,0.2630777060985565,0.44879406690597534,0.35796958208084106,0.7372750043869019,0.22857460379600525,0.3467377722263336,0.13046883046627045,0.13499297201633453,0.07016018033027649,0.3131137490272522,0.1783170998096466,0.2331368774175644,0.34456294775009155,0.28013911843299866,0.28188157081604004,0.467552125453949,0.3976142704486847,0.7407758235931396,0.7044875025749207,0.775793194770813,0.15651781857013702,0.3164852559566498,0.42943108081817627,0.3578462600708008,0.1875201165676117,0.20053260028362274,0.2563248872756958,0.6473255157470703,0.7478593587875366,0.7589826583862305,0.723370373249054,0.6397256255149841,0.6404048800468445,0.7137259244918823,0.6511468291282654,0.7456714510917664,0.5917333960533142,0.2535049021244049,0.47909361124038696,0.2797912359237671,0.36312195658683777,0.3786814510822296,0.491048663854599,0.4035313129425049,0.32352879643440247,0.17983873188495636,0.33907514810562134,0.20096728205680847,0.20787915587425232,0.07615706324577332,0.23347121477127075,0.3473646342754364,0.2944389283657074,0.3668820858001709,0.32275593280792236,0.45826539397239685,0.2889220416545868,0.4014844000339508,0.2848731279373169,0.3375992774963379,0.3791004717350006,0.4025043845176697,0.3490976393222809,0.5103545188903809,0.5512959361076355,0.4458591043949127,0.4883118271827698,0.24243181943893433,0.6628369688987732,0.35506612062454224,0.40653857588768005,0.37178274989128113,0.4775295853614807,0.5332618355751038,0.32598310708999634,0.5217521786689758,0.6020305752754211,0.5252596735954285,0.5276250243186951,0.5549818277359009,0.4638238847255707,0.3258134424686432,0.36265525221824646,0.34375840425491333,0.5590283870697021
Al-Anam,0.4928739666938782,0.1415955126285553,0.1330052763223648,0.08176838606595993,0.2563241720199585,0.0,0.4651287794113159,0.13959187269210815,0.05938531458377838,0.6698199510574341,0.40347111225128174,0.16651512682437897,0.5603218078613281,0.4291570782661438,0.48244044184684753,0.5909299850463867,0.5095927715301514,0.4314529597759247,0.32432371377944946,0.3072070777416229,0.6088876128196716,0.49101749062538147,0.580213725566864,0.16295401751995087,0.5479785203933716,0.3007589280605316,0.46759381890296936,0.2681332528591156,0.5466321110725403,0.6573465466499329,0.5999170541763306,0.6293284296989441,0.027652045711874962,0.6993098258972168,0.61611407995224,0.6005734801292419,0.36557087302207947,0.32961854338645935,0.4997301399707794,0.4401491582393646,0.6999712586402893,0.617058515548706,0.628722071647644,0.4807315170764923,0.5819841623306274,0.5859782695770264,0.42392489314079285,0.20972338318824768,0.43481868505477905,0.5073486566543579,0.4555915296077728,0.5449422597885132,0.584426999092102,0.42638111114501953,0.3219267725944519,0.4865306615829468,0.4094831347465515,0.21809974312782288,0.3640819787979126,0.28719353675842285,0.4496184289455414,0.6163510084152222,0.4209907054901123,0.434305340051651,0.28355249762535095,0.17275935411453247,0.6445583701133728,0.5706071257591248,0.4121364653110504,0.2849871516227722,0.3982003927230835,0.6102867126464844,0.46625569462776184,0.4036940336227417,0.41307333111763,0.31141728162765503,0.462358295917511,0.5253080725669861,0.4892224967479706,0.38692909479141235,0.4377434253692627,0.6070190072059631,0.5038999319076538,0.41139256954193115,0.4302577078342438,0.5978941917419434,0.5847823023796082,0.5100352168083191,0.5277289152145386,0.4185969829559326,0.4164130985736847,0.4825949966907501,0.3792087137699127,0.4729377329349518,0.5323094129562378,0.5729613304138184,0.2912840247154236,0.41553106904029846,0.5191925168037415,0.4997173249721527,0.5248801708221436,0.5132222771644592,0.5172243118286133,0.38364890217781067,0.4818577766418457,0.45624682307243347,0.5076236724853516,0.5138108134269714,0.5746834874153137,0.3484035134315491,0.3505459725856781,0.5954484939575195,0.47694042325019836,0.4612902104854584
Al-Araf,0.37853294610977173,0.026751138269901276,0.11795259267091751,-0.21381142735481262,0.20049938559532166,0.4651287794113159,0.0,-0.0395604632794857,-0.22647464275360107,0.5810911059379578,0.7769345045089722,0.5249277949333191,0.027692439034581184,0.646869957447052,0.7187570929527283,0.06936374306678772,0.5080006718635559,0.6740939021110535,0.6168692111968994,0.759775698184967,0.7309670448303223,0.017454324290156364,0.6873841285705566,-0.12367833405733109,0.36837470531463623,0.8436412215232849,0.7152986526489258,0.7218078970909119,0.48737749457359314,0.29897749423980713,0.33854812383651733,0.5330970287322998,-0.1460106074810028,0.4654635787010193,0.12303747236728668,0.5753937363624573,0.6161209344863892,0.5704489946365356,0.18802200257778168,0.5307936668395996,0.4904416501522064,0.11639007925987244,0.7603030204772949,0.640379011631012,0.5368280410766602,0.6442006826400757,0.13447079062461853,-0.013395442627370358,0.17168332636356354,0.4959352910518646,0.598417341709137,0.5200029015541077,0.37422969937324524,0.6656062602996826,0.3955376148223877,0.4330669641494751,0.019907761365175247,-0.020651189610362053,0.24053159356117249,0.07988729327917099,0.489860475063324,0.29444125294685364,0.30730122327804565,0.2616564631462097,0.13839268684387207,0.21412797272205353,0.3793977200984955,0.7115072011947632,0.45686790347099304,0.26980528235435486,0.6168226003646851,0.4899122714996338,0.3308398723602295,0.48229870200157166,0.47835949063301086,0.34759581089019775,0.6003381013870239,0.4621186852455139,0.4986470937728882,0.3866178095340729,0.40915608406066895,0.3448227643966675,0.46222856640815735,0.5094956159591675,0.27545687556266785,0.38297998905181885,0.525276780128479,0.3258056342601776,0.5413447618484497,0.3355511426925659,0.43737417459487915,0.44253870844841003,0.4352132976055145,0.39925098419189453,0.5530635714530945,0.48729047179222107,0.1717519909143448,0.34808963537216187,0.3318851590156555,0.37044283747673035,0.42957013845443726,0.4478829801082611,0.3574020266532898,0.23123574256896973,0.6416749954223633,0.5740352272987366,0.3914135694503784,0.5592682361602783,0.5600572228431702,0.4286726117134094,0.41305381059646606,0.4051423966884613,0.4039473831653595,0.32535335421562195
Al-Anfal,0.3804928660392761,0.7117212414741516,0.788260817527771,0.7768881916999817,0.7590221166610718,0.13959187269210815,-0.0395604632794857,0.0,0.8874582648277283,0.22630763053894043,-0.07055987417697906,0.03339004144072533,0.4569382071495056,0.2825682759284973,0.03969833627343178,0.620356559753418,0.12117905169725418,-0.0061232708394527435,-0.10223313421010971,-0.12339438498020172,0.20085112750530243,0.6342942118644714,0.06910815834999084,0.8593917489051819,0.2877970039844513,-0.06624439358711243,-0.017051346600055695,0.11491361260414124,0.4063916802406311,0.4289993643760681,0.47066059708595276,0.43069446086883545,0.849209189414978,0.2612801492214203,0.519568681716919,0.18816669285297394,0.16482965648174286,0.052793171256780624,0.452091783285141,0.2752627730369568,0.32448017597198486,0.4729950428009033,0.20989076793193817,0.34274426102638245,0.5090630054473877,0.3502536714076996,0.815385103225708,0.8875035047531128,0.7928250432014465,0.2147386372089386,0.31675729155540466,0.4477318227291107,0.3581160306930542,0.13891500234603882,0.2550490200519562,0.32239779829978943,0.7774377465248108,0.8338047862052917,0.8346665501594543,0.7285652756690979,0.5493259429931641,0.6644589900970459,0.7504550218582153,0.7488465309143066,0.7934662103652954,0.6218244433403015,0.3604258894920349,0.39625900983810425,0.2738598883152008,0.55697101354599,0.3145103454589844,0.3462120294570923,0.5078219771385193,0.4271281361579895,0.3285486698150635,0.475820928812027,0.21584519743919373,0.3432914614677429,0.2079995721578598,0.3280256986618042,0.42952385544776917,0.39487770199775696,0.5041601657867432,0.41000959277153015,0.5634766221046448,0.3381701409816742,0.3888894021511078,0.47654587030410767,0.2674151062965393,0.45825621485710144,0.4956585466861725,0.4498734176158905,0.5037907361984253,0.5556732416152954,0.37148144841194153,0.47229281067848206,0.3169824779033661,0.6864514946937561,0.44072556495666504,0.5202587246894836,0.4355195164680481,0.5946102738380432,0.47201189398765564,0.5222833752632141,0.48327165842056274,0.52723228931427,0.5766534209251404,0.5089302062988281,0.5099027156829834,0.5626491904258728,0.422384113073349,0.40020352602005005,0.3620549738407135,0.5469021201133728
At-Tawbah,0.23150859773159027,0.7081563472747803,0.7367206811904907,0.8275846242904663,0.6776059865951538,0.05938531458377838,-0.22647464275360107,0.8874582648277283,0.0,0.10085166990756989,-0.2715873420238495,-0.04608478024601936,0.41687530279159546,0.057975731790065765,-0.17584311962127686,0.5562564134597778,-0.07676876336336136,-0.17063972353935242,-0.24358874559402466,-0.32774609327316284,-0.010575750842690468,0.5514848828315735,-0.11236429959535599,0.8510140180587769,0.21501033008098602,-0.28820863366127014,-0.1502818465232849,-0.04006754234433174,0.27755874395370483,0.3421633541584015,0.3561416566371918,0.22784832119941711,0.8482490181922913,0.09880750626325607,0.46303248405456543,0.004754946101456881,0.021949980407953262,-0.07024301588535309,0.2904509902000427,0.12245985120534897,0.1951204538345337,0.39685115218162537,0.03623339533805847,0.0754401832818985,0.34384360909461975,0.1865738183259964,0.7912262082099915,0.8467764854431152,0.7181838750839233,0.06096098572015762,0.14950935542583466,0.29974937438964844,0.2584313154220581,-0.043291281908750534,0.020805630832910538,0.14703257381916046,0.7081822156906128,0.797866702079773,0.7920238971710205,0.6866113543510437,0.4922192096710205,0.552241861820221,0.667177677154541,0.6490477919578552,0.7333680987358093,0.5467813014984131,0.21290145814418793,0.18547336757183075,0.09923282265663147,0.4741131365299225,0.16761384904384613,0.28629374504089355,0.33244556188583374,0.3179212808609009,0.16571319103240967,0.33542290329933167,0.01621522381901741,0.13860243558883667,0.007066658698022366,0.1933957040309906,0.23155900835990906,0.24238310754299164,0.3203151524066925,0.2181955873966217,0.4040229022502899,0.18548324704170227,0.22064872086048126,0.30724477767944336,0.08850724995136261,0.34765028953552246,0.34026652574539185,0.3431429862976074,0.39279595017433167,0.3891869783401489,0.20883145928382874,0.3261116147041321,0.16596642136573792,0.6184417009353638,0.2927147448062897,0.36123427748680115,0.25495728850364685,0.38805508613586426,0.4243176281452179,0.4269435703754425,0.28842562437057495,0.34428030252456665,0.4925287961959839,0.3186219334602356,0.3686998784542084,0.39515116810798645,0.29045355319976807,0.3014222979545593,0.2385566234588623,0.482377827167511
Yunus,0.6399039030075073,0.13355958461761475,0.4091646671295166,0.08612120896577835,0.320365309715271,0.6698199510574341,0.5810911059379578,0.22630763053894043,0.10085166990756989,0.0,0.6554997563362122,0.24783770740032196,0.48466378450393677,0.6579607129096985,0.5980356931686401,0.36951932311058044,0.473312109708786,0.4630361795425415,0.4418291747570038,0.43382522463798523,0.7024297118186951,0.4382542073726654,0.7153666019439697,0.1430940330028534,0.590338408946991,0.584639310836792,0.5894021391868591,0.4795002341270447,0.7535405158996582,0.5548277497291565,0.5876790881156921,0.7254433035850525,0.06747619807720184,0.7722680568695068,0.49050483107566833,0.6706812381744385,0.561720073223114,0.48483791947364807,0.6075907945632935,0.7575526833534241,0.7918872833251953,0.5294666886329651,0.7814872860908508,0.6388614177703857,0.8014576435089111,0.8620215058326721,0.43868109583854675,0.18664182722568512,0.4143219590187073,0.6378950476646423,0.5764406323432922,0.6062599420547485,0.4977937638759613,0.6217444539070129,0.36382153630256653,0.4831917881965637,0.34740933775901794,0.319441020488739,0.4739329218864441,0.4030987620353699,0.6052003502845764,0.6837431192398071,0.5901363492012024,0.5619010329246521,0.23878778517246246,0.25626757740974426,0.6232940554618835,0.730151355266571,0.5209655165672302,0.4047471284866333,0.4815577566623688,0.6389368176460266,0.469134658575058,0.5586115121841431,0.5674536228179932,0.3396413326263428,0.6172651648521423,0.5392042398452759,0.5888403654098511,0.3583334982395172,0.5032914876937866,0.6917509436607361,0.6465127468109131,0.6097595691680908,0.45042023062705994,0.5302156209945679,0.6409592032432556,0.4742377698421478,0.6359226107597351,0.4183390736579895,0.5123021006584167,0.5249636769294739,0.4678480625152588,0.5048973560333252,0.6200013756752014,0.5429146885871887,0.26053735613822937,0.5153324604034424,0.5533806681632996,0.5405422449111938,0.6239616870880127,0.6557247042655945,0.5333425402641296,0.4277508556842804,0.5324917435646057,0.5008445382118225,0.527336061000824,0.6064700484275818,0.7296862602233887,0.5119767189025879,0.4716492295265198,0.6878885626792908,0.4775559902191162,0.4154362678527832
Hud,0.5718254446983337,-0.10978332906961441,0.13590067625045776,-0.16872236132621765,0.1050301343202591,0.40347111225128174,0.7769345045089722,-0.07055987417697906,-0.2715873420238495,0.6554997563362122,0.0,0.6368939280509949,0.15504121780395508,0.7223606705665588,0.7855945229530334,0.039690759032964706,0.5920330286026001,0.6449329257011414,0.7699459195137024,0.7943191528320312,0.7841679453849792,0.11841852217912674,0.7997298240661621,-0.11615502834320068,0.4221515655517578,0.8927221298217773,0.7828258275985718,0.7264495491981506,0.6317424178123474,0.2602372467517853,0.403913676738739,0.5641967058181763,-0.058219317346811295,0.6334763765335083,0.18883861601352692,0.612629771232605,0.7336695790290833,0.7100380659103394,0.3883785605430603,0.6649333238601685,0.5370208024978638,0.31561246514320374,0.7787879705429077,0.6742121577262878,0.5202435255050659,0.7561250925064087,0.06741111725568771,-0.0649975910782814,0.18658451735973358,0.6029150485992432,0.7110891938209534,0.4640904366970062,0.4941578805446625,0.7240987420082092,0.458746075630188,0.3885471224784851,0.0023532460909336805,0.10619401931762695,0.2372336983680725,0.22017626464366913,0.4890926480293274,0.316996306180954,0.2533349096775055,0.37444666028022766,0.09353484958410263,0.3338940143585205,0.4317799508571625,0.7464584708213806,0.501796543598175,0.37408939003944397,0.6265676617622375,0.5800902247428894,0.39058899879455566,0.5147156715393066,0.5852866768836975,0.3572474420070648,0.5218160152435303,0.4483211040496826,0.6165177226066589,0.4879721701145172,0.5055990219116211,0.45625588297843933,0.4995088577270508,0.6100015044212341,0.37236595153808594,0.5020993947982788,0.5977522134780884,0.37879678606987,0.7402493357658386,0.3165903091430664,0.48539555072784424,0.4817458987236023,0.4271506369113922,0.47951212525367737,0.5490244626998901,0.5542603135108948,0.1943143606185913,0.34469252824783325,0.35053524374961853,0.4234626889228821,0.48707354068756104,0.521874189376831,0.39100009202957153,0.352298766374588,0.5402851700782776,0.5917971730232239,0.39029601216316223,0.6229683756828308,0.6281951069831848,0.5154082179069519,0.5389090180397034,0.5940245985984802,0.4629330039024353,0.3369191586971283
Yusuf,0.295519083738327,0.2419973909854889,0.15908412635326385,0.08944203704595566,0.13751532137393951,0.16651512682437897,0.5249277949333191,0.03339004144072533,-0.04608478024601936,0.24783770740032196,0.6368939280509949,0.0,-0.017397938296198845,0.48564934730529785,0.42510986328125,-0.05038394778966904,0.5562907457351685,0.6040313839912415,0.7350842952728271,0.6712300777435303,0.5436133146286011,-0.004228095058351755,0.4917539060115814,0.157855823636055,0.11376538127660751,0.5767708420753479,0.7532224059104919,0.7065233588218689,0.26186397671699524,0.05100971460342407,0.32102176547050476,0.19819284975528717,0.26318907737731934,0.3223470151424408,0.07523557543754578,0.34483104944229126,0.5499856472015381,0.5309352278709412,0.09867537021636963,0.2532864511013031,0.24034348130226135,0.1708679348230362,0.4371258318424225,0.4029235541820526,0.19141529500484467,0.4403558671474457,0.031507380306720734,0.07492747902870178,0.30897825956344604,0.3355024755001068,0.5029034614562988,0.3245234191417694,0.5028297901153564,0.4241137206554413,0.3556382358074188,0.22979438304901123,0.01770015060901642,0.21320419013500214,0.17131851613521576,0.17727480828762054,0.4893511235713959,0.21468579769134521,0.17849324643611908,0.3206145763397217,0.2892380654811859,0.5288992524147034,0.2564430236816406,0.5287976861000061,0.3765419125556946,0.27089768648147583,0.7097216844558716,0.4706041216850281,0.29276230931282043,0.4387401044368744,0.479837566614151,0.24677392840385437,0.09974955022335052,0.23416684567928314,0.4064456522464752,0.5960512757301331,0.3919529616832733,0.2108393907546997,0.20348307490348816,0.4635747969150543,0.20434097945690155,0.4929881989955902,0.4422624409198761,0.31389808654785156,0.5663034915924072,0.2702649235725403,0.4916749596595764,0.4212702214717865,0.4343639612197876,0.3932918310165405,0.33608153462409973,0.5710671544075012,0.16605837643146515,0.22427813708782196,0.32207879424095154,0.33279210329055786,0.2720035910606384,0.3766448497772217,0.4244265854358673,0.3656454086303711,0.5135951042175293,0.5835041999816895,0.24886760115623474,0.5416467189788818,0.4681765139102936,0.4112134575843811,0.5161540508270264,0.501841127872467,0.28605663776397705,0.25868475437164307
Ar-Rad,0.5514556169509888,0.19195197522640228,0.283616304397583,0.3368043303489685,0.2682025134563446,0.5603218078613281,0.027692439034581184,0.4569382071495056,0.41687530279159546,0.48466378450393677,0.15504121780395508,-0.017397938296198845,0.0,0.5245341062545776,0.38912802934646606,0.8083440065383911,0.4675229787826538,0.33322304487228394,0.24859046936035156,0.14504007995128632,0.4405795633792877,0.8960180282592773,0.4491882920265198,0.5288790464401245,0.821921706199646,0.04694065824151039,0.32854464650154114,0.14006482064723969,0.6051672101020813,0.7927682399749756,0.7380971908569336,0.7343262434005737,0.3879189193248749,0.7246785163879395,0.8788438439369202,0.6334466934204102,0.3913450837135315,0.5130548477172852,0.7227840423583984,0.530221164226532,0.7328967452049255,0.8137023448944092,0.46492087841033936,0.5830038785934448,0.6262347102165222,0.5048629641532898,0.5941302180290222,0.5309345126152039,0.546532392501831,0.7489996552467346,0.5910200476646423,0.6529630422592163,0.7465490698814392,0.488162636756897,0.5299122333526611,0.7196706533432007,0.7158300876617432,0.506138026714325,0.5594680905342102,0.3988765776157379,0.420812726020813,0.6754725575447083,0.49462592601776123,0.7108193635940552,0.6059375405311584,0.4669211506843567,0.773277997970581,0.48318037390708923,0.6663447618484497,0.6541411876678467,0.45310404896736145,0.4733690321445465,0.766456663608551,0.6602367162704468,0.6380988955497742,0.7177753448486328,0.557807981967926,0.7578312158584595,0.6703130602836609,0.6419366598129272,0.7289597392082214,0.8219168186187744,0.6618083119392395,0.6538845896720886,0.7901818156242371,0.7538182735443115,0.6880826950073242,0.8230499625205994,0.5751751661300659,0.7249314188957214,0.6584222912788391,0.7345653176307678,0.48803138732910156,0.5468308925628662,0.6676112413406372,0.5982502102851868,0.6249310374259949,0.6213133335113525,0.7711636424064636,0.7510853409767151,0.7982824444770813,0.6562249660491943,0.5422752499580383,0.7706976532936096,0.5158000588417053,0.5012246370315552,0.7082768678665161,0.5987899899482727,0.6013768911361694,0.5798201560974121,0.6444494724273682,0.7390598058700562,0.7457013130187988,0.6523914933204651
Ibrahim,0.6833606958389282,0.1311294585466385,0.3826920986175537,0.013181320391595364,0.21177585422992706,0.4291570782661438,0.646869957447052,0.2825682759284973,0.057975731790065765,0.6579607129096985,0.7223606705665588,0.48564934730529785,0.5245341062545776,0.0,0.7036764621734619,0.39277660846710205,0.7300161719322205,0.6475024223327637,0.6759227514266968,0.7265646457672119,0.7546221017837524,0.5498161315917969,0.7110159397125244,0.22995655238628387,0.6584848761558533,0.6530930399894714,0.6958202123641968,0.6865379810333252,0.7128333449363708,0.5843302011489868,0.6755332350730896,0.7796174883842468,0.2004222869873047,0.7038066387176514,0.5327707529067993,0.7189468741416931,0.7210177779197693,0.8039595484733582,0.6348028182983398,0.8283013701438904,0.7323565483093262,0.5848108530044556,0.7728431224822998,0.8218784332275391,0.761385977268219,0.7340549230575562,0.37417882680892944,0.33028510212898254,0.43832552433013916,0.7755265235900879,0.7959295511245728,0.6344596743583679,0.6762615442276001,0.7413558959960938,0.713842511177063,0.6733421683311462,0.4357832372188568,0.300292432308197,0.4144977033138275,0.30831748247146606,0.6234941482543945,0.5446293354034424,0.46932321786880493,0.6723240613937378,0.4797448515892029,0.5562935471534729,0.6554791927337646,0.8280737996101379,0.7239285111427307,0.6482955813407898,0.7470823526382446,0.5666842460632324,0.7500641942024231,0.805229902267456,0.8068444728851318,0.7260249853134155,0.7080861926078796,0.7826177477836609,0.8130955696105957,0.7209076285362244,0.7844488024711609,0.6713539361953735,0.6951273679733276,0.8552901744842529,0.7006796002388,0.7105540037155151,0.8450375199317932,0.6785358786582947,0.7869887351989746,0.6297008991241455,0.7319729924201965,0.7931562066078186,0.6318502426147461,0.6195600628852844,0.7488041520118713,0.7148410677909851,0.5345361232757568,0.5857151746749878,0.6911607980728149,0.747534453868866,0.7660038471221924,0.738736093044281,0.5304115414619446,0.7073587775230408,0.6956197023391724,0.7328073382377625,0.6651015877723694,0.8063154220581055,0.7828400731086731,0.7763822674751282,0.7462408542633057,0.7708037495613098,0.7110377550125122,0.5869414806365967
Al-Hijr,0.5610558390617371,-0.0944245383143425,0.0896967351436615,-0.11803597211837769,0.11722742766141891,0.48244044184684753,0.7187570929527283,0.03969833627343178,-0.17584311962127686,0.5980356931686401,0.7855945229530334,0.42510986328125,0.38912802934646606,0.7036764621734619,0.0,0.2329898476600647,0.6350082159042358,0.6407332420349121,0.744805634021759,0.6868827939033508,0.8591246604919434,0.3287680745124817,0.8706059455871582,-0.07582662254571915,0.629119336605072,0.8074402213096619,0.7503386735916138,0.6332247853279114,0.7028835415840149,0.4110940992832184,0.4355822503566742,0.730676531791687,-0.03434232994914055,0.7057293057441711,0.3333483338356018,0.7471455931663513,0.8016133308410645,0.7830735445022583,0.42475417256355286,0.6761939525604248,0.6494178175926208,0.40246260166168213,0.8283793330192566,0.8385794758796692,0.5615040063858032,0.6990626454353333,0.209557443857193,0.0489853210747242,0.25748005509376526,0.7727788686752319,0.8514507412910461,0.6516515612602234,0.5892983675003052,0.8176226019859314,0.6004593968391418,0.6684160232543945,0.14103689789772034,0.10818937420845032,0.31245705485343933,0.17340682446956635,0.4848962128162384,0.3545280396938324,0.3129086494445801,0.398294061422348,0.17701756954193115,0.4241039454936981,0.5657030344009399,0.7582182884216309,0.6851034164428711,0.572309672832489,0.6589330434799194,0.5913611650466919,0.5500686764717102,0.5758984684944153,0.6499354839324951,0.6068065762519836,0.6753588914871216,0.6947647333145142,0.7850089073181152,0.609254002571106,0.6651383638381958,0.5957183837890625,0.7026162147521973,0.6881831884384155,0.5517802238464355,0.599289059638977,0.6450102925300598,0.6465928554534912,0.734702467918396,0.5433954000473022,0.6175390481948853,0.6157968640327454,0.4565880596637726,0.49719175696372986,0.7168148756027222,0.5919526815414429,0.41426798701286316,0.5594454407691956,0.5274036526679993,0.6033445596694946,0.6594832539558411,0.6589987277984619,0.47261252999305725,0.5179082751274109,0.7324868440628052,0.6871616244316101,0.5544257164001465,0.7212539911270142,0.6873542666435242,0.5570016503334045,0.6551845073699951,0.6443953514099121,0.6294471621513367,0.46855321526527405
