Books,Al-Fatiha,Al-Baqarah,Al Imran,An-Nisa,Al-Maidah,Al-Anam,Al-Araf,Al-Anfal,At-Tawbah,Yunus,Hud,Yusuf,Ar-Rad,Ibrahim,Al-Hijr,An-Nahl,Al-Isra,Al-Kahf,Maryam,Ta-Ha,Al-Anbiya,Al-Hajj,Al-Muminun,An-Nur,Al-Furqan,Ash-Shuara,An-Naml,Al-Qasas,Al-Ankabut,Ar-Rum,Luqmaan,As-Sajda,Al-Ahzaab,Saba (surah),Faatir,Yaseen,As-Saaffaat,Saad,Az-Zumar,Ghafir,Fussilat,Ash_Shooraa,Az-Zukhruf,Ad-Dukhaan,Al-Jaathiyah,Al-Ahqaaf,Muhammad,Al-Fath,Al-Hujuraat,Qaaf,Adh-Dhaariyaat,At-Toor,An-Najm,Al-Qamar,Ar-Rahman,Al-Waqia,Al-Hadeed,Al-Mujadila,Al-Hashr,Al-Mumtahanah,As-Saff,Al-Jumuah,Al-Munafiqoon,At-Taghabun,At-Talaq,At-Tahreem,Al-Mulk,Al-Qalam,Al-Haaqqa,Al-Maaarij,Nooh,Al-Jinn,Al-Muzzammil,Al-Muddaththir,Al-Qiyamah,Al-Insaan,Al-Mursalaat,An-Naba,An-Naaziaat,Abasa,At-Takweer,Al-Infitar,Al-Mutaffifeen,Al-Inshiqaaq,Al-Burooj,At-Taariq,Al-Alaa,Al-Ghaashiyah,Al-Fajr,Al-Balad,Ash-Shams,Al-Layl,Ad-Dhuha,Ash-Sharh,At-Teen,Al-Alaq,Al-Qadr,Al-Bayyinahh,Az-Zalzalah,Al-Aadiyaat,Al-Qaariah,At-Takaathur,Al-Asr,Al-Humazah,Al-Feel,Quraysh,Al-Maaoon,Al-Kawthar,Al-Kaafiroon,An-Nasr,Al-Masad,Al-Ikhlaas,Al-Falaq,Al-Naas
Book document vector lengths,1.4897698,11.405001,9.974502,17.63127,10.159128,9.878469,10.738901,9.518595,13.926496,8.731006,9.471366,12.741182,7.409368,6.0171914,7.5160136,7.136832,7.0294743,9.575477,7.611667,10.1928,7.8902597,7.044212,7.3063717,10.362807,6.0144615,10.725643,7.2540035,8.620262,6.6867666,6.4652524,6.2280517,5.605028,12.281828,6.367791,6.6365533,5.8479943,7.905438,7.3048472,8.21673,6.356442,5.7581244,7.0300593,6.2541113,5.7481365,5.86969,6.661323,7.250138,7.845529,5.8385687,5.5272717,5.1421027,5.3756557,5.3899403,6.821439,11.075254,6.2729597,6.8223925,6.022858,6.02977,5.7369494,4.142433,3.0776215,3.8481534,4.567685,4.7670584,5.146691,5.305025,4.4001775,4.9030895,4.920013,4.2975407,4.2760963,4.2521887,4.8838406,4.6701365,4.636604,5.411887,4.5031676,4.2849665,4.5323186,3.407468,2.8028672,3.3801563,2.61389,2.9324124,2.7993338,2.730968,3.7175546,3.4182882,2.3311496,2.1176212,2.365082,1.4540608,1.4423027,1.571638,2.6867306,1.3068624,2.4225378,1.6714503,2.011587,2.0409174,2.033581,0.9485794,1.8889203,1.1748984,1.0881395,1.2089714,1.0445894,0.97680277,1.0256083,1.3477454,0.50111204,1.091959,1.0892676
Book sum of word vector lengths,596.9359505474567,89080.24909341335,53615.67800524831,54387.94293676317,41802.736805945635,46853.477560549974,51176.100486040115,17816.422405183315,37121.91071289778,28076.060701191425,30066.36949455738,25590.765564233065,12541.618689253926,12704.34258940816,10008.474954456091,28200.02299591899,23438.58714580536,25117.58850044012,14996.489175438881,21334.08081546426,18655.276657551527,18296.64368134737,15800.17810484767,18999.809627473354,14387.750584572554,21497.799854397774,17894.289314568043,22395.335933417082,15569.513670116663,12402.372837603092,8007.4743802547455,6109.637910306454,18307.746919214725,13834.78065252304,11528.899855524302,11411.940302461386,13934.570055276155,11476.116323292255,18886.25235247612,19190.367876261473,12726.703783363104,13361.237589299679,14348.32144755125,5373.330709666014,8387.27997842431,10408.447079867125,8744.934908270836,8814.564400434494,4843.767464995384,5611.271372616291,5546.475857436657,5296.732349425554,5513.6052931547165,5777.5897526443005,5954.220687121153,5458.2011976242065,9411.183718204498,6991.023456811905,7106.343726724386,5209.386205255985,3255.7851412296295,2426.5821813941,2840.3918868005276,4198.4652953743935,4127.372251302004,3758.399444937706,5240.455418616533,5101.065120011568,4203.422296762466,3339.8322214484215,3275.0974071621895,4013.7455898821354,2727.2859766185284,3697.2029244303703,2582.131751060486,3313.025354295969,3286.632472604513,2582.7018441855907,2956.1118042171,1993.152720630169,1380.7305463254452,1288.47194814682,2577.263327807188,1660.0363956987858,1594.1570326685905,843.2502692043781,1118.2236181497574,1193.7924157381058,2061.274144858122,1305.6332097947598,1019.5437209010124,1277.3022281825542,780.3816213011742,449.6747216284275,494.58945721387863,1212.7508499920368,467.3386151790619,1347.1151915192604,653.1155673861504,640.113000780344,647.3988620638847,482.04244500398636,270.8663602769375,372.07415413856506,337.5390259027481,213.91842675209045,383.78073370456696,245.19370624423027,357.2469129562378,297.5983206629753,273.04714235663414,229.36475372314453,321.9556376039982,241.04976058006287

Similarity matrix,Al-Fatiha,Al-Baqarah,Al Imran,An-Nisa,Al-Maidah,Al-Anam,Al-Araf,Al-Anfal,At-Tawbah,Yunus,Hud,Yusuf,Ar-Rad,Ibrahim,Al-Hijr,An-Nahl,Al-Isra,Al-Kahf,Maryam,Ta-Ha,Al-Anbiya,Al-Hajj,Al-Muminun,An-Nur,Al-Furqan,Ash-Shuara,An-Naml,Al-Qasas,Al-Ankabut,Ar-Rum,Luqmaan,As-Sajda,Al-Ahzaab,Saba (surah),Faatir,Yaseen,As-Saaffaat,Saad,Az-Zumar,Ghafir,Fussilat,Ash_Shooraa,Az-Zukhruf,Ad-Dukhaan,Al-Jaathiyah,Al-Ahqaaf,Muhammad,Al-Fath,Al-Hujuraat,Qaaf,Adh-Dhaariyaat,At-Toor,An-Najm,Al-Qamar,Ar-Rahman,Al-Waqia,Al-Hadeed,Al-Mujadila,Al-Hashr,Al-Mumtahanah,As-Saff,Al-Jumuah,Al-Munafiqoon,At-Taghabun,At-Talaq,At-Tahreem,Al-Mulk,Al-Qalam,Al-Haaqqa,Al-Maaarij,Nooh,Al-Jinn,Al-Muzzammil,Al-Muddaththir,Al-Qiyamah,Al-Insaan,Al-Mursalaat,An-Naba,An-Naaziaat,Abasa,At-Takweer,Al-Infitar,Al-Mutaffifeen,Al-Inshiqaaq,Al-Burooj,At-Taariq,Al-Alaa,Al-Ghaashiyah,Al-Fajr,Al-Balad,Ash-Shams,Al-Layl,Ad-Dhuha,Ash-Sharh,At-Teen,Al-Alaq,Al-Qadr,Al-Bayyinahh,Az-Zalzalah,Al-Aadiyaat,Al-Qaariah,At-Takaathur,Al-Asr,Al-Humazah,Al-Feel,Quraysh,Al-Maaoon,Al-Kawthar,Al-Kaafiroon,An-Nasr,Al-Masad,Al-Ikhlaas,Al-Falaq,Al-Naas
Al-Fatiha,0.0,0.35461798310279846,0.4834059476852417,0.35961461067199707,0.4656656086444855,0.5524429678916931,0.5023107528686523,0.3802050054073334,0.32224270701408386,0.6236008405685425,0.48805591464042664,0.35339322686195374,0.6041557788848877,0.7691819667816162,0.5200034976005554,0.5856764316558838,0.6728639006614685,0.4953726530075073,0.6155936121940613,0.47265809774398804,0.6008051037788391,0.6271626353263855,0.6253816485404968,0.37191298604011536,0.7402125597000122,0.4234220087528229,0.49422505497932434,0.5782900452613831,0.7136900424957275,0.6724241971969604,0.7274681329727173,0.7482516765594482,0.35037761926651,0.7153074741363525,0.6787047386169434,0.6472746729850769,0.5695558190345764,0.5882914662361145,0.736434280872345,0.7726494073867798,0.7294816374778748,0.7302480340003967,0.7195415496826172,0.6432701349258423,0.7384896874427795,0.737163782119751,0.5090635418891907,0.4959806203842163,0.6253630518913269,0.6325541734695435,0.57986980676651,0.6544171571731567,0.5628382563591003,0.5137118101119995,0.5673508644104004,0.5906701683998108,0.6003656983375549,0.6295715570449829,0.647134006023407,0.6694980263710022,0.7231186032295227,0.702238917350769,0.6824667453765869,0.7463274002075195,0.6020180583000183,0.6362782716751099,0.6766262650489807,0.7404353618621826,0.6499231457710266,0.6889703869819641,0.762940526008606,0.8308656215667725,0.8202608823776245,0.7627244591712952,0.711674153804779,0.651120662689209,0.5724356770515442,0.6541823744773865,0.6397425532341003,0.7511515617370605,0.5970228314399719,0.6540931463241577,0.6425037384033203,0.7140331864356995,0.6514389514923096,0.7021663188934326,0.7571417689323425,0.7358685731887817,0.7638109922409058,0.7598317861557007,0.4747110605239868,0.7567261457443237,0.7045931220054626,0.6834827065467834,0.7758712768554688,0.7558209300041199,0.47779056429862976,0.7749139666557312,0.5743921399116516,0.7973260879516602,0.6503538489341736,0.7913453578948975,0.6957864761352539,0.7875207662582397,0.7020874619483948,0.793743908405304,0.7703912854194641,0.7539524435997009,0.741737425327301,0.7080448865890503,0.7346750497817993,0.14494451880455017,0.6856234073638916,0.7282320857048035
Al-Baqarah,0.35461798310279846,0.0,0.6284063458442688,0.7772642970085144,0.6165388226509094,-0.010523512028157711,-0.10557377338409424,0.6395590305328369,0.6538792848587036,0.06436759978532791,-0.24805013835430145,0.14170131087303162,0.3258441984653473,0.2876894176006317,-0.14310641586780548,0.33811408281326294,0.1986185759305954,0.03230276703834534,0.058908816426992416,-0.04979792982339859,0.04116583615541458,0.3617824912071228,-0.08818752318620682,0.710735023021698,0.04472728818655014,-0.06999564915895462,0.05641592666506767,0.11137446761131287,0.31559666991233826,0.3560868203639984,0.4195254445075989,0.14428696036338806,0.6938765048980713,0.21995164453983307,0.5302364826202393,0.20006079971790314,-0.09622857719659805,-0.03917930647730827,0.08862347155809402,0.11410287022590637,0.20929360389709473,0.38137945532798767,0.1212635412812233,0.11755488812923431,0.29017484188079834,0.1657693237066269,0.5474624633789062,0.6014302372932434,0.6932002305984497,0.04540996626019478,0.131364107131958,0.35844141244888306,0.28468629717826843,-0.02481393702328205,0.04364374279975891,0.2659897208213806,0.6397435665130615,0.5569892525672913,0.5347458720207214,0.6798337697982788,0.5037509202957153,0.4423491060733795,0.5193721055984497,0.4606272876262665,0.6540681719779968,0.5000549554824829,0.2530367970466614,0.2887651026248932,0.1593162566423416,0.36724191904067993,0.3275955319404602,0.3864792585372925,0.49726375937461853,0.29383960366249084,0.18634997308254242,0.17367123067378998,0.05354906618595123,0.17520643770694733,0.10774153470993042,0.30861717462539673,0.21137820184230804,0.25265413522720337,0.19844019412994385,0.2356298863887787,0.32382771372795105,0.3609195947647095,0.2895638644695282,0.27024945616722107,0.23350834846496582,0.5108609795570374,0.20373935997486115,0.1562710404396057,0.536825954914093,0.3970685303211212,0.33006176352500916,0.3137551546096802,0.37278246879577637,0.4771556556224823,0.27030107378959656,0.34293481707572937,0.3682527542114258,0.3551780879497528,0.45053961873054504,0.3852733075618744,0.3373262584209442,0.4191281497478485,0.4172404110431671,0.37048208713531494,0.37089940905570984,0.37519973516464233,0.3785654306411743,-0.08983807265758514,0.18387101590633392,0.196058988571167
Al Imran,0.4834059476852417,0.6284063458442688,0.0,0.6234655976295471,0.610958456993103,0.055024538189172745,0.01912340521812439,0.6899710297584534,0.6118558645248413,0.2920054495334625,-0.009903128258883953,0.03903818130493164,0.3013712167739868,0.43596532940864563,-0.020849378779530525,0.33133140206336975,0.04212137684226036,-0.0728362500667572,0.1054963767528534,-0.06862825155258179,0.09177158027887344,0.38371512293815613,0.08746489137411118,0.5498007535934448,0.10377450287342072,0.122787706553936,0.09995248913764954,0.2375558465719223,0.5815334916114807,0.4478178322315216,0.32360175251960754,0.3127385973930359,0.6543291211128235,0.33797699213027954,0.4324934184551239,0.19461147487163544,0.10809242725372314,0.05564214661717415,0.3655604422092438,0.4565303325653076,0.459301233291626,0.4826469123363495,0.3047361373901367,0.18562030792236328,0.576465904712677,0.4062243402004242,0.6178528070449829,0.6358042359352112,0.6605798602104187,0.12165150791406631,0.17424049973487854,0.3308909833431244,0.1536402404308319,0.12133532762527466,0.03376541659235954,0.1725212037563324,0.6599354147911072,0.5985993146896362,0.6452546715736389,0.6762121319770813,0.6280074119567871,0.6150227785110474,0.594151496887207,0.6467914581298828,0.5119524002075195,0.5709468722343445,0.2872379720211029,0.34720537066459656,0.20113670825958252,0.21876761317253113,0.2968023121356964,0.37899985909461975,0.4429359436035156,0.3276697099208832,0.16236869990825653,0.15395645797252655,0.18006707727909088,0.19515950977802277,0.1665959507226944,0.21832074224948883,0.17594794929027557,0.28623420000076294,0.3797702193260193,0.37251749634742737,0.45789918303489685,0.2829866409301758,0.34337863326072693,0.2380100041627884,0.26117998361587524,0.3839295506477356,0.20033837854862213,0.32097378373146057,0.43143022060394287,0.41950878500938416,0.3933633863925934,0.3260129392147064,0.1970130354166031,0.6503942012786865,0.19829775393009186,0.4162161648273468,0.327902615070343,0.4387241303920746,0.3426949679851532,0.4375406503677368,0.2666546106338501,0.4726828932762146,0.4996035099029541,0.40433740615844727,0.42139294743537903,0.433705598115921,0.3063695728778839,0.03532172739505768,0.24724416434764862,0.30441561341285706
An-Nisa,0.35961461067199707,0.7772642970085144,0.6234655976295471,0.0,0.721087634563446,-0.07878851145505905,-0.3190242648124695,0.7332602739334106,0.7441608905792236,-0.055843040347099304,-0.31636252999305725,-0.00483536534011364,0.3349144756793976,0.1812368482351303,-0.3453642427921295,0.36487725377082825,0.13914163410663605,-0.1473734974861145,-0.006112697999924421,-0.2283364087343216,-0.10943891108036041,0.37455055117607117,-0.15585508942604065,0.7807669043540955,0.09609927237033844,-0.20914261043071747,-0.10264592617750168,-0.039255235344171524,0.2612253725528717,0.27569055557250977,0.35842272639274597,0.055782511830329895,0.8305095434188843,0.15317486226558685,0.5476793050765991,0.1231764703989029,-0.13200081884860992,-0.14696261286735535,0.2055915743112564,0.0759357288479805,0.23086078464984894,0.5639914870262146,0.13834160566329956,0.07316678762435913,0.2053057849407196,0.11107726395130157,0.6724717617034912,0.7575026750564575,0.7269104719161987,-0.1051827147603035,0.03766370564699173,0.2560584545135498,0.17566369473934174,-0.07947346568107605,-0.025608759373426437,0.14507783949375153,0.6373506784439087,0.6695613861083984,0.6221290826797485,0.7422001361846924,0.4831750690937042,0.403536856174469,0.503394603729248,0.4971657395362854,0.6156195998191833,0.48021289706230164,0.18238283693790436,0.24203777313232422,0.027829250320792198,0.3091047406196594,0.2888237237930298,0.4483224153518677,0.4321843683719635,0.2512037754058838,0.06454458832740784,0.13184691965579987,-0.12106630951166153,0.10979096591472626,0.033933013677597046,0.21666888892650604,0.0887749120593071,0.13634629547595978,0.08627311140298843,0.1493595391511917,0.3165307641029358,0.2645173966884613,0.23899364471435547,0.19328252971172333,0.15523289144039154,0.4689010679721832,0.09449882060289383,0.22681225836277008,0.5071581602096558,0.3227296471595764,0.2832144796848297,0.2600959837436676,0.1717279553413391,0.49782994389533997,0.21872380375862122,0.29471808671951294,0.2406134456396103,0.3242771625518799,0.3366432785987854,0.2962537109851837,0.27959299087524414,0.3591194152832031,0.33417391777038574,0.3575572371482849,0.31280630826950073,0.3474103510379791,0.3461567163467407,0.08267349004745483,0.18814824521541595,0.17363354563713074
Al-Maidah,0.4656656086444855,0.6165388226509094,0.610958456993103,0.721087634563446,0.0,0.009802572429180145,-0.04155762493610382,0.7105453610420227,0.6780208349227905,0.03872165083885193,-0.10198367387056351,0.13196247816085815,0.3541486859321594,0.31897076964378357,-0.1123775988817215,0.41837164759635925,0.08975806832313538,-0.0472000390291214,0.1915983408689499,-0.04316854849457741,0.06254325062036514,0.40640151500701904,-0.0827832818031311,0.6866074204444885,0.17907795310020447,0.0841626524925232,0.08775686472654343,0.2047382891178131,0.4201402962207794,0.3269954025745392,0.34111320972442627,0.22055476903915405,0.7690540552139282,0.20362143218517303,0.46333441138267517,0.22419019043445587,0.015738794580101967,0.027982329949736595,0.19869400560855865,0.2422591894865036,0.23402783274650574,0.42817333340644836,0.29021888971328735,0.15919122099876404,0.2980780601501465,0.4052107036113739,0.6597984433174133,0.6797029376029968,0.8301731944084167,0.040886878967285156,0.16629737615585327,0.3596246838569641,0.1695680469274521,0.14407917857170105,0.17166201770305634,0.25629353523254395,0.6546979546546936,0.6836637854576111,0.7174175977706909,0.7431288361549377,0.6698123812675476,0.6145396828651428,0.6243234276771545,0.5647356510162354,0.6052900552749634,0.6553823351860046,0.20592336356639862,0.41793906688690186,0.23260661959648132,0.3310857117176056,0.38326695561408997,0.3857072591781616,0.4988524615764618,0.26982682943344116,0.11535340547561646,0.18183577060699463,0.13907304406166077,0.20909585058689117,0.12219356000423431,0.3021226227283478,0.17426341772079468,0.24894961714744568,0.2958904802799225,0.27460798621177673,0.4666512906551361,0.3304321765899658,0.26428788900375366,0.28463032841682434,0.28931355476379395,0.47272437810897827,0.21453288197517395,0.19393572211265564,0.5548917055130005,0.48236969113349915,0.40269985795021057,0.3660244047641754,0.27730175852775574,0.6414266228675842,0.26444026827812195,0.3613508343696594,0.3233870565891266,0.42073798179626465,0.35614028573036194,0.41016191244125366,0.4671589136123657,0.5031518340110779,0.5155196785926819,0.4095750153064728,0.5572019815444946,0.3966232240200043,0.41026610136032104,-0.1440759301185608,0.303307443857193,0.32458871603012085
Al-Anam,0.5524429678916931,-0.010523512028157711,0.055024538189172745,-0.07878851145505905,0.009802572429180145,0.0,0.5621210336685181,-0.06266681104898453,-0.07169195264577866,0.67072594165802,0.43899208307266235,0.22593700885772705,0.628985583782196,0.5370253920555115,0.43804094195365906,0.6690069437026978,0.4973032474517822,0.48482686281204224,0.20005659759044647,0.3154408037662506,0.5428842902183533,0.3820209503173828,0.6672500371932983,-0.007652518805116415,0.5783132314682007,0.1635788232088089,0.450111448764801,0.32891982793807983,0.4873356819152832,0.5326400995254517,0.5019184350967407,0.608244776725769,-0.1422034054994583,0.6301009058952332,0.45733505487442017,0.4871222674846649,0.32713115215301514,0.35616353154182434,0.49884140491485596,0.4969187080860138,0.6702101230621338,0.5004680752754211,0.6364132165908813,0.332367479801178,0.5004989504814148,0.5930808186531067,0.2895195186138153,0.04739087447524071,0.21375307440757751,0.5097360610961914,0.31159883737564087,0.4573809504508972,0.48933616280555725,0.3251760005950928,0.33519333600997925,0.30058205127716064,0.1476031094789505,0.05485527589917183,0.29281502962112427,0.16814203560352325,0.23622572422027588,0.4595348536968231,0.35832491517066956,0.35446467995643616,0.2549498379230499,0.11394853889942169,0.5706576108932495,0.4506819546222687,0.40743544697761536,0.33723184466362,0.3062136173248291,0.6009920835494995,0.4304560422897339,0.4828064441680908,0.4300411343574524,0.2679060101509094,0.4409124553203583,0.34427618980407715,0.38152381777763367,0.4440023601055145,0.403800904750824,0.4417066276073456,0.3817407190799713,0.4209742546081543,0.32848381996154785,0.45744040608406067,0.5259175300598145,0.4161875545978546,0.3580290675163269,0.49475550651550293,0.303272008895874,0.296239972114563,0.18996933102607727,0.375600129365921,0.40127813816070557,0.555039644241333,0.20705926418304443,0.3640512526035309,0.4154585897922516,0.42231082916259766,0.3524177670478821,0.4686950147151947,0.43013080954551697,0.42377588152885437,0.5260744690895081,0.3307289183139801,0.4360485076904297,0.45199599862098694,0.44504114985466003,0.33159151673316956,0.32551175355911255,0.4057878851890564,0.3774148225784302,0.3471808433532715
Al-Araf,0.5023107528686523,-0.10557377338409424,0.01912340521812439,-0.3190242648124695,-0.04155762493610382,0.5621210336685181,0.0,-0.15447551012039185,-0.21226105093955994,0.6586079597473145,0.8101568818092346,0.5256711840629578,0.14150258898735046,0.5641963481903076,0.749460756778717,0.24974188208580017,0.4226510226726532,0.704328715801239,0.5218361020088196,0.762287974357605,0.74351567029953,0.06763451546430588,0.7310751676559448,-0.28999975323677063,0.43896108865737915,0.6998651623725891,0.6425027251243591,0.7565738558769226,0.507625937461853,0.3478946387767792,0.25749197602272034,0.6469523310661316,-0.24969474971294403,0.46441560983657837,0.12061995267868042,0.6083351969718933,0.6444299817085266,0.661081075668335,0.26452571153640747,0.5710941553115845,0.4565734267234802,0.1064516007900238,0.6243024468421936,0.5089689493179321,0.4828537404537201,0.6653013825416565,0.08304081112146378,-0.16315612196922302,0.06917444616556168,0.5639501810073853,0.6150883436203003,0.46724212169647217,0.35510337352752686,0.6496346592903137,0.4740641713142395,0.3697272539138794,0.014660103246569633,-0.021147236227989197,0.14819401502609253,0.056419555097818375,0.338206946849823,0.2840109169483185,0.331503301858902,0.2877177298069,0.22202575206756592,0.2899152934551239,0.4100554585456848,0.5769345760345459,0.5153030157089233,0.29239386320114136,0.5375983715057373,0.4282698333263397,0.3374590575695038,0.4128028452396393,0.5144203305244446,0.38319963216781616,0.5326567888259888,0.4005314111709595,0.47237324714660645,0.4987908899784088,0.359845370054245,0.38145187497138977,0.4801122844219208,0.5219613909721375,0.29009518027305603,0.3900582194328308,0.4434375464916229,0.45893922448158264,0.4787634611129761,0.2771243453025818,0.37301570177078247,0.31371650099754333,0.2213800698518753,0.4632340967655182,0.42080792784690857,0.4256628751754761,0.11166205257177353,0.2848165035247803,0.3257896304130554,0.3656448423862457,0.3165132701396942,0.43988949060440063,0.3826957046985626,0.42104217410087585,0.5104526281356812,0.455256849527359,0.4718746244907379,0.42339572310447693,0.45598533749580383,0.2904302775859833,0.40884703397750854,0.035105109214782715,0.4308270215988159,0.5158488750457764
Al-Anfal,0.3802050054073334,0.6395590305328369,0.6899710297584534,0.7332602739334106,0.7105453610420227,-0.06266681104898453,-0.15447551012039185,0.0,0.8853517174720764,0.07162376493215561,-0.1269751787185669,0.0994507223367691,0.3356616795063019,0.4500248432159424,-0.09981032460927963,0.3899352550506592,0.08343176543712616,-0.054818976670503616,0.08779966086149216,-0.09069400280714035,0.004532284568995237,0.45716437697410583,-0.03264360502362251,0.8648899793624878,0.11005967110395432,0.060909874737262726,0.014887574128806591,0.07374382764101028,0.4381003677845001,0.4935721158981323,0.4200848639011383,0.2937150001525879,0.8779392838478088,0.26269641518592834,0.5320150852203369,0.28151416778564453,0.07814409583806992,-0.017008794471621513,0.2914910912513733,0.3444356322288513,0.3411382734775543,0.49719712138175964,0.21547313034534454,0.3112650215625763,0.43413785099983215,0.2956908047199249,0.7496966123580933,0.8520339131355286,0.80604487657547,0.0830685943365097,0.2891533672809601,0.4493407607078552,0.2821023166179657,0.2273152470588684,0.1489400565624237,0.30282896757125854,0.7377484440803528,0.8456531763076782,0.7907719016075134,0.6929962038993835,0.5899688601493835,0.6070886850357056,0.6782712340354919,0.6436468362808228,0.6999219059944153,0.6192901730537415,0.3685385584831238,0.4137119948863983,0.2943352460861206,0.5063228607177734,0.4251270592212677,0.3463098704814911,0.5678268671035767,0.33565035462379456,0.28511762619018555,0.33674952387809753,0.14771100878715515,0.2723793685436249,0.29811927676200867,0.3939971923828125,0.29970410466194153,0.3788298964500427,0.38736554980278015,0.3636030852794647,0.5283474922180176,0.4205775856971741,0.30443429946899414,0.39534249901771545,0.29798462986946106,0.40662825107574463,0.3614985942840576,0.3296739459037781,0.4843962490558624,0.49880310893058777,0.4037846326828003,0.3708465099334717,0.3634258806705475,0.6242268681526184,0.2881714701652527,0.4744223356246948,0.40070125460624695,0.5050763487815857,0.4192216992378235,0.519123911857605,0.40665045380592346,0.5308544635772705,0.5807416439056396,0.4652446508407593,0.3416347801685333,0.48554134368896484,0.44824331998825073,-0.16586829721927643,0.33213093876838684,0.2685357332229614
At-Tawbah,0.32224270701408386,0.6538792848587036,0.6118558645248413,0.7441608905792236,0.6780208349227905,-0.07169195264577866,-0.21226105093955994,0.8853517174720764,0.0,0.0013014759169891477,-0.22313396632671356,-0.019140465185046196,0.3095829486846924,0.33005768060684204,-0.3014788031578064,0.34938758611679077,-0.05489572510123253,-0.11877599358558655,-0.09116535633802414,-0.24677714705467224,-0.08666569739580154,0.38647568225860596,-0.14905348420143127,0.7823824882507324,0.09837108850479126,-0.14878644049167633,-0.1785271167755127,-0.038171879947185516,0.41077306866645813,0.4273762106895447,0.26679539680480957,0.19208356738090515,0.7970350384712219,0.1648055613040924,0.4846183657646179,0.16624444723129272,0.001190650393255055,-0.17698104679584503,0.2052641063928604,0.29541248083114624,0.2714049220085144,0.41734105348587036,0.11735647916793823,0.1707666963338852,0.364087849855423,0.21074971556663513,0.7630894780158997,0.8468195796012878,0.7165877223014832,-0.03682902082800865,0.12026088684797287,0.36897173523902893,0.1242067739367485,0.07109899073839188,-0.060138970613479614,0.15570497512817383,0.6899175047874451,0.7980019450187683,0.7220491170883179,0.6430202722549438,0.5046200156211853,0.4812066853046417,0.6220690608024597,0.5313676595687866,0.6127748489379883,0.45345309376716614,0.21456477046012878,0.26213735342025757,0.07508785277605057,0.4530247151851654,0.32158058881759644,0.3182658553123474,0.4267347753047943,0.23853158950805664,0.1401091068983078,0.21162866055965424,0.052367404103279114,0.11102842539548874,0.12245684117078781,0.25321531295776367,0.10570653527975082,0.17206598818302155,0.3263072669506073,0.1733345240354538,0.36647242307662964,0.24869167804718018,0.13735723495483398,0.3327820599079132,0.13509812951087952,0.4122760593891144,0.23728671669960022,0.24638640880584717,0.36437204480171204,0.3117215931415558,0.26372167468070984,0.18006359040737152,0.24658514559268951,0.5910143852233887,0.133045494556427,0.3154904246330261,0.2881115972995758,0.35242560505867004,0.28435754776000977,0.4032444655895233,0.2838376462459564,0.4109862148761749,0.5228903293609619,0.2710912525653839,0.2449362874031067,0.3022948205471039,0.31051579117774963,-0.12081295996904373,0.18569722771644592,0.09510026127099991
Yunus,0.6236008405685425,0.06436759978532791,0.2920054495334625,-0.055843040347099304,0.03872165083885193,0.67072594165802,0.6586079597473145,0.07162376493215561,0.0013014759169891477,0.0,0.6867368817329407,0.2787240743637085,0.4154130220413208,0.580076277256012,0.611157238483429,0.3892979025840759,0.5807303786277771,0.49812158942222595,0.32603737711906433,0.5319876670837402,0.6321913599967957,0.3596423268318176,0.6920009255409241,-0.0377986915409565,0.6211287975311279,0.5140707492828369,0.6287862658500671,0.5537503957748413,0.6981425285339355,0.6302606463432312,0.5132876038551331,0.7318957448005676,-0.10232964903116226,0.7861925959587097,0.4336881935596466,0.5921184420585632,0.4737403988838196,0.48507875204086304,0.6142637133598328,0.7401837110519409,0.7922061681747437,0.4762580096721649,0.7177005410194397,0.4683610498905182,0.7492516040802002,0.7751303911209106,0.32743269205093384,0.04407849535346031,0.24532875418663025,0.6714254021644592,0.5600950121879578,0.56782066822052,0.4957500696182251,0.5649728775024414,0.30418381094932556,0.3688945174217224,0.23482193052768707,0.14833976328372955,0.380355566740036,0.2534157931804657,0.43348315358161926,0.5560165643692017,0.5946303606033325,0.5218103528022766,0.3262794017791748,0.19870112836360931,0.6761199235916138,0.6005458235740662,0.5499516725540161,0.3125963509082794,0.4272248148918152,0.5861818194389343,0.48030367493629456,0.5888664126396179,0.6179161667823792,0.4098460078239441,0.5750778317451477,0.4707455039024353,0.5854191184043884,0.495001882314682,0.5005934238433838,0.5643674731254578,0.595079243183136,0.6219919919967651,0.4229968190193176,0.5761420726776123,0.5689436197280884,0.4859899580478668,0.454464316368103,0.3521305024623871,0.35934075713157654,0.4845021367073059,0.39362549781799316,0.5451062917709351,0.5333201885223389,0.6613837480545044,0.2135852724313736,0.4521915316581726,0.5411012768745422,0.5196449160575867,0.4550658166408539,0.677236020565033,0.48472997546195984,0.5449759364128113,0.5366014242172241,0.5097023844718933,0.5518618226051331,0.4982960820198059,0.5776432156562805,0.49829378724098206,0.37643852829933167,0.22207213938236237,0.5203033089637756,0.4658346474170685
Hud,0.48805591464042664,-0.24805013835430145,-0.009903128258883953,-0.31636252999305725,-0.10198367387056351,0.43899208307266235,0.8101568818092346,-0.1269751787185669,-0.22313396632671356,0.6867368817329407,0.0,0.5826100707054138,0.1520146131515503,0.5200490951538086,0.8228029012680054,0.19115395843982697,0.4419439435005188,0.5971916317939758,0.6053106188774109,0.7967681288719177,0.7619884610176086,0.1060757264494896,0.746517539024353,-0.24252620339393616,0.5265275239944458,0.8077781796455383,0.7530981302261353,0.7319565415382385,0.5481225252151489,0.2827245593070984,0.28600001335144043,0.618656575679779,-0.17113523185253143,0.5267437100410461,0.1619732677936554,0.5589359998703003,0.730881929397583,0.7347522974014282,0.3649148941040039,0.610692024230957,0.5075557827949524,0.20230159163475037,0.6598727703094482,0.5722737908363342,0.5382561683654785,0.6971682906150818,0.0816827043890953,-0.1029152125120163,0.04840914160013199,0.656028687953949,0.7543535232543945,0.4576501250267029,0.4722571074962616,0.7473573088645935,0.4633255898952484,0.325893759727478,0.018977297469973564,0.06681371480226517,0.19466586410999298,0.061027880758047104,0.41173097491264343,0.26877570152282715,0.3588119447231293,0.42580634355545044,0.22369541227817535,0.34806832671165466,0.45828133821487427,0.5874201059341431,0.5653764009475708,0.3313955068588257,0.5842227339744568,0.39854204654693604,0.3506872355937958,0.5264421105384827,0.6237969398498535,0.43122708797454834,0.4840971827507019,0.4528920352458954,0.5787345767021179,0.5371904969215393,0.44367489218711853,0.469115674495697,0.5537747144699097,0.5990762114524841,0.3816077411174774,0.49979063868522644,0.4970548450946808,0.4749630391597748,0.5575161576271057,0.21394085884094238,0.426220566034317,0.5010871887207031,0.24896545708179474,0.5356530547142029,0.5092050433158875,0.5138071179389954,0.14699478447437286,0.3114973306655884,0.3288792669773102,0.4445401132106781,0.3668152093887329,0.5174776315689087,0.46447253227233887,0.475686639547348,0.4842539429664612,0.491047203540802,0.45293816924095154,0.4779678285121918,0.4667290151119232,0.4170271158218384,0.4324691891670227,0.1318134367465973,0.45657819509506226,0.5537218451499939
Yusuf,0.35339322686195374,0.14170131087303162,0.03903818130493164,-0.00483536534011364,0.13196247816085815,0.22593700885772705,0.5256711840629578,0.0994507223367691,-0.019140465185046196,0.2787240743637085,0.5826100707054138,0.0,0.04327232018113136,0.3713240325450897,0.5693379640579224,0.0345565564930439,0.3807513415813446,0.6514151096343994,0.6613684892654419,0.659222424030304,0.5961986780166626,-0.08529781550168991,0.452472448348999,0.031105084344744682,0.14618000388145447,0.5502417683601379,0.6907828450202942,0.7212392687797546,0.30219766497612,0.14510522782802582,0.3502165973186493,0.29486843943595886,0.16709281504154205,0.2890142798423767,0.18451350927352905,0.437825471162796,0.5643845200538635,0.6073997616767883,0.08122016489505768,0.28124040365219116,0.17382334172725677,0.12366249412298203,0.39482614398002625,0.29378536343574524,0.20483577251434326,0.47013866901397705,0.04198695719242096,0.06408783048391342,0.25613051652908325,0.37853360176086426,0.5888482332229614,0.32919102907180786,0.4913659691810608,0.4753619432449341,0.35550132393836975,0.26162391901016235,-0.008653169497847557,0.23311515152454376,0.24015478789806366,0.1822117567062378,0.48154714703559875,0.2265215963125229,0.36616024374961853,0.36888712644577026,0.3641735017299652,0.499778151512146,0.3126724064350128,0.5664604306221008,0.48339223861694336,0.3587042987346649,0.6007143259048462,0.40975287556648254,0.28774186968803406,0.4270741045475006,0.5643781423568726,0.2838883697986603,0.07387873530387878,0.2523244321346283,0.43084460496902466,0.5374814867973328,0.4839029014110565,0.39526909589767456,0.2751621901988983,0.4464154541492462,0.30876684188842773,0.49438488483428955,0.3817491829395294,0.2808406949043274,0.46342408657073975,0.32333922386169434,0.3195353150367737,0.2581843137741089,0.35427916049957275,0.4321569800376892,0.38984414935112,0.5508453845977783,0.18170537054538727,0.16874760389328003,0.2297860085964203,0.3717919588088989,0.2860266864299774,0.40753063559532166,0.4823032021522522,0.40339183807373047,0.5223852396011353,0.43116456270217896,0.3278828263282776,0.4352206587791443,0.5259539484977722,0.38809511065483093,0.565463662147522,0.11353078484535217,0.4085155725479126,0.413363516330719
Ar-Rad,0.6041557788848877,0.3258441984653473,0.3013712167739868,0.3349144756793976,0.3541486859321594,0.628985583782196,0.14150258898735046,0.3356616795063019,0.3095829486846924,0.4154130220413208,0.1520146131515503,0.04327232018113136,0.0,0.5715957283973694,0.2548380196094513,0.8389959335327148,0.48884114623069763,0.2026568204164505,0.26408031582832336,0.09314081072807312,0.3389589190483093,0.811764121055603,0.39833393692970276,0.4919188916683197,0.7017309069633484,-0.021001793444156647,0.35592734813690186,0.1277049034833908,0.5778697729110718,0.72786945104599,0.7138213515281677,0.6116482615470886,0.2985351085662842,0.6885050535202026,0.8267574310302734,0.475351482629776,0.22950772941112518,0.2575768530368805,0.6182286739349365,0.4695684611797333,0.6938269138336182,0.7957472801208496,0.5037269592285156,0.46498116850852966,0.5679888129234314,0.5091058611869812,0.5806617736816406,0.5608704686164856,0.5163098573684692,0.522404670715332,0.31856757402420044,0.5633921027183533,0.6723377704620361,0.2852320373058319,0.3193398416042328,0.46819841861724854,0.6408268213272095,0.45706894993782043,0.6014097929000854,0.4544627368450165,0.4883613884449005,0.7173928618431091,0.4326418340206146,0.6339366436004639,0.5890671014785767,0.43496352434158325,0.7287017107009888,0.4580247104167938,0.5092021822929382,0.637997031211853,0.48394742608070374,0.6295824646949768,0.6970946788787842,0.6339948773384094,0.4979589283466339,0.5515390634536743,0.5317214727401733,0.6014108657836914,0.5201966762542725,0.6620080471038818,0.5456675887107849,0.6070215106010437,0.47957924008369446,0.6310678720474243,0.6582181453704834,0.6546517014503479,0.6885503530502319,0.6251218914985657,0.5043877959251404,0.6892380118370056,0.6629130244255066,0.5266903042793274,0.3288120627403259,0.5018813610076904,0.6594489216804504,0.6507684588432312,0.5867664217948914,0.6801712512969971,0.6905875205993652,0.655472457408905,0.6360348463058472,0.587889552116394,0.6605720520019531,0.7190971374511719,0.6533199548721313,0.5385221838951111,0.6737886667251587,0.6994169354438782,0.3889533579349518,0.6108522415161133,0.541261613368988,0.2682785093784332,0.5388004183769226,0.4337449371814728
Ibrahim,0.7691819667816162,0.2876894176006317,0.43596532940864563,0.1812368482351303,0.31897076964378357,0.5370253920555115,0.5641963481903076,0.4500248432159424,0.33005768060684204,0.580076277256012,0.5200490951538086,0.3713240325450897,0.5715957283973694,0.0,0.5630463361740112,0.6378651857376099,0.4715937674045563,0.48703533411026,0.5232724547386169,0.5208960771560669,0.5476017594337463,0.6739811897277832,0.6183785200119019,0.4275420010089874,0.5444016456604004,0.44143110513687134,0.5656734108924866,0.5105056166648865,0.6755213737487793,0.7651391625404358,0.7476373910903931,0.7823787331581116,0.3146989047527313,0.6569434404373169,0.6669711470603943,0.7034674286842346,0.5139690637588501,0.6209331750869751,0.6526827216148376,0.7483800649642944,0.7115899920463562,0.6524674892425537,0.664943516254425,0.7031632661819458,0.7358078956604004,0.6526941061019897,0.5061001777648926,0.4896083474159241,0.5164336562156677,0.647985577583313,0.6269130706787109,0.6898975372314453,0.6348280310630798,0.6350542306900024,0.6418151259422302,0.5621523857116699,0.6544508337974548,0.572049081325531,0.6040816903114319,0.5257763266563416,0.6486698389053345,0.690220832824707,0.5943249464035034,0.7906949520111084,0.6812112927436829,0.659585177898407,0.7318041920661926,0.669567883014679,0.7157177329063416,0.7061437368392944,0.7279152870178223,0.6581956744194031,0.8021665215492249,0.6895739436149597,0.7144683003425598,0.6904155611991882,0.6172853112220764,0.6384969353675842,0.6936267018318176,0.7980965971946716,0.5940400958061218,0.6899825930595398,0.6242338418960571,0.7387828230857849,0.6999838948249817,0.6915103793144226,0.7445264458656311,0.736322283744812,0.7035672068595886,0.5872564911842346,0.6610541939735413,0.6925338506698608,0.5329803228378296,0.7123337984085083,0.7148239612579346,0.6796606183052063,0.5551543831825256,0.7157691121101379,0.5955414772033691,0.8060856461524963,0.7188670635223389,0.7198317646980286,0.6825178265571594,0.8106868267059326,0.675623893737793,0.7036413550376892,0.7799931764602661,0.7772840857505798,0.5267308354377747,0.7009518146514893,0.7069185972213745,0.011950037442147732,0.6024691462516785,0.6007760167121887
Al-Hijr,0.5200034976005554,-0.14310641586780548,-0.020849378779530525,-0.3453642427921295,-0.1123775988817215,0.43804094195365906,0.749460756778717,-0.09981032460927963,-0.3014788031578064,0.611157238483429,0.8228029012680054,0.5693379640579224,0.2548380196094513,0.5630463361740112,0.0,0.2178371548652649,0.6291038393974304,0.631048858165741,0.7394168972969055,0.7923397421836853,0.8523449897766113,0.22649244964122772,0.7905474305152893,-0.1830517202615738,0.5720844268798828,0.8368044495582581,0.7801793813705444,0.6723901033401489,0.4903945028781891,0.378083735704422,0.42708638310432434,0.6936749219894409,-0.18351535499095917,0.6412897706031799,0.2421301156282425,0.7212724089622498,0.7640735507011414,0.8176942467689514,0.33397725224494934,0.5488483905792236,0.4832139313220978,0.20603956282138824,0.6679694056510925,0.7148091197013855,0.5196651220321655,0.6300061941146851,-0.0394919328391552,-0.13266704976558685,0.0946851447224617,0.7957217693328857,0.811718761920929,0.5440883636474609,0.5635291934013367,0.7719817757606506,0.6328830122947693,0.5662023425102234,0.07412172108888626,0.10405997186899185,0.18416599929332733,0.008644727990031242,0.32194289565086365,0.3624482750892639,0.2714879512786865,0.3658055067062378,0.19871178269386292,0.35336050391197205,0.5812460780143738,0.6591792106628418,0.7554605603218079,0.41821038722991943,0.5720521211624146,0.4086654484272003,0.470429003238678,0.5568070411682129,0.6963186860084534,0.5747678875923157,0.6258379220962524,0.6666326522827148,0.6950940489768982,0.6645075082778931,0.6504428386688232,0.6342630386352539,0.5429785251617432,0.672949492931366,0.5088133811950684,0.6457006335258484,0.6215245723724365,0.5812119245529175,0.6209861636161804,0.28758880496025085,0.49938201904296875,0.4989215135574341,0.2548309564590454,0.6136659979820251,0.6241224408149719,0.577928900718689,0.37671273946762085,0.3265371322631836,0.4315952956676483,0.534721314907074,0.48420074582099915,0.586967408657074,0.5760883688926697,0.5484552383422852,0.5426654815673828,0.5167538523674011,0.45846763253211975,0.6037998199462891,0.43499451875686646,0.5155645608901978,0.5097742080688477,0.026914559304714203,0.4960227906703949,0.6616649627685547
