Books,Al-Fatiha,Al-Baqarah,Al Imran,An-Nisa,Al-Maidah,Al-Anam,Al-Araf,Al-Anfal,At-Tawbah,Yunus,Hud,Yusuf,Ar-Rad,Ibrahim,Al-Hijr,An-Nahl,Al-Isra,Al-Kahf,Maryam,Ta-Ha,Al-Anbiya,Al-Hajj,Al-Muminun,An-Nur,Al-Furqan,Ash-Shuara,An-Naml,Al-Qasas,Al-Ankabut,Ar-Rum,Luqmaan,As-Sajda,Al-Ahzaab,Saba (surah),Faatir,Yaseen,As-Saaffaat,Saad,Az-Zumar,Ghafir,Fussilat,Ash_Shooraa,Az-Zukhruf,Ad-Dukhaan,Al-Jaathiyah,Al-Ahqaaf,Muhammad,Al-Fath,Al-Hujuraat,Qaaf,Adh-Dhaariyaat,At-Toor,An-Najm,Al-Qamar,Ar-Rahman,Al-Waqia,Al-Hadeed,Al-Mujadila,Al-Hashr,Al-Mumtahanah,As-Saff,Al-Jumuah,Al-Munafiqoon,At-Taghabun,At-Talaq,At-Tahreem,Al-Mulk,Al-Qalam,Al-Haaqqa,Al-Maaarij,Nooh,Al-Jinn,Al-Muzzammil,Al-Muddaththir,Al-Qiyamah,Al-Insaan,Al-Mursalaat,An-Naba,An-Naaziaat,Abasa,At-Takweer,Al-Infitar,Al-Mutaffifeen,Al-Inshiqaaq,Al-Burooj,At-Taariq,Al-Alaa,Al-Ghaashiyah,Al-Fajr,Al-Balad,Ash-Shams,Al-Layl,Ad-Dhuha,Ash-Sharh,At-Teen,Al-Alaq,Al-Qadr,Al-Bayyinahh,Az-Zalzalah,Al-Aadiyaat,Al-Qaariah,At-Takaathur,Al-Asr,Al-Humazah,Al-Feel,Quraysh,Al-Maaoon,Al-Kawthar,Al-Kaafiroon,An-Nasr,Al-Masad,Al-Ikhlaas,Al-Falaq,Al-Naas
Book document vector lengths,1.2032784,24.910011,9.536504,16.750916,11.295187,11.118829,11.600159,10.107081,15.507404,8.76615,9.804136,14.607099,6.768756,6.510751,8.041321,8.582915,7.3931365,8.8710375,9.255906,10.48708,8.469173,8.630557,7.09727,13.0964575,7.18342,11.631666,7.724512,9.354362,7.3937516,9.091867,6.8274164,6.2293177,12.068433,7.433968,7.65535,6.5477486,8.510716,9.003303,8.707924,8.148805,7.024675,7.776949,7.5475106,5.9168067,6.8346663,7.1774645,7.811419,8.061018,6.7470317,6.5105424,5.4914103,5.7948675,5.299239,8.472921,13.252227,7.117706,7.1134543,6.8279934,6.5076365,7.1376,4.975335,4.141416,4.8175907,5.782801,5.688949,4.881673,4.867222,5.750425,5.7985997,5.058146,4.060528,4.627745,4.427414,5.129295,5.446217,6.277099,6.637411,5.374057,4.7981915,5.012486,4.3105645,2.627639,4.632837,3.6523438,3.727676,3.404355,2.6484797,3.4713843,4.060354,2.9304187,3.4881036,3.1126626,1.6542722,1.3827128,1.7304891,2.6466641,1.364093,2.7104876,1.5130332,2.3903575,2.2714624,2.076988,0.7575102,1.8331765,1.4126152,1.1841879,1.2408477,0.65762085,1.1490386,1.107093,1.9248525,0.8344214,1.1652733,1.0245118
Book sum of word vector lengths,627.7451951503754,117287.56828904152,66441.15536910295,66110.88170596957,51258.926178753376,63960.09334209561,61896.45910128951,21992.751753658056,46722.47839277983,35985.424254119396,37734.970884889364,34252.87582421303,17239.122361123562,16329.795438349247,13073.68538442254,36418.426891833544,28969.15761768818,29775.229089707136,18894.607766211033,25648.041474580765,22888.91175866127,23095.54303187132,20913.955108731985,23445.046183884144,17788.150078833103,25657.693480283022,22657.570917844772,27100.45924499631,19098.17927929759,15728.712257236242,9878.632011175156,7084.822744041681,22582.23523566127,15910.149678587914,13883.308632165194,13639.808368578553,17055.602650165558,13842.338482916355,22726.272786140442,23006.309969753027,15193.630347043276,15991.178538292646,16973.278428316116,6715.875196963549,9875.626145720482,12757.23007708788,10677.071639686823,10675.191133528948,6013.54934206605,7279.8521474301815,6945.6292352974415,6729.5576864779,6662.005197018385,7399.342306435108,8978.022332251072,7797.205723404884,11146.536774545908,8294.242995470762,8280.634736508131,6748.21918129921,3867.715351909399,3084.745036572218,3406.6695414483547,5153.724381744862,4944.136697947979,4596.205855488777,6274.00022444129,6477.206672102213,5253.088937550783,4130.927734673023,4031.832804441452,5507.649364501238,3766.8480311632156,4797.840842932463,3335.9662685990334,4131.86438190937,4600.545855939388,3326.95229819417,3790.549123764038,2562.208055615425,1855.1457774937153,1557.266384780407,3150.13014626503,1984.4023364782333,1847.3002066910267,1126.9953147172928,1323.5124742090702,1617.0664114952087,2583.0320865511894,1533.873135060072,1266.54331818223,1681.599171757698,1016.0442190766335,445.70176988840103,596.269080221653,1391.0726898610592,546.0023257732391,1912.9019975364208,819.4531255364418,665.9315400719643,572.7251315712929,775.6370983719826,296.94980096817017,517.781093120575,356.86710196733475,202.2264883518219,519.5193522870541,264.28536236286163,436.6121106147766,316.2656052708626,356.29365625977516,324.9750185608864,416.0757634341717,344.00705537199974

Similarity matrix,Al-Fatiha,Al-Baqarah,Al Imran,An-Nisa,Al-Maidah,Al-Anam,Al-Araf,Al-Anfal,At-Tawbah,Yunus,Hud,Yusuf,Ar-Rad,Ibrahim,Al-Hijr,An-Nahl,Al-Isra,Al-Kahf,Maryam,Ta-Ha,Al-Anbiya,Al-Hajj,Al-Muminun,An-Nur,Al-Furqan,Ash-Shuara,An-Naml,Al-Qasas,Al-Ankabut,Ar-Rum,Luqmaan,As-Sajda,Al-Ahzaab,Saba (surah),Faatir,Yaseen,As-Saaffaat,Saad,Az-Zumar,Ghafir,Fussilat,Ash_Shooraa,Az-Zukhruf,Ad-Dukhaan,Al-Jaathiyah,Al-Ahqaaf,Muhammad,Al-Fath,Al-Hujuraat,Qaaf,Adh-Dhaariyaat,At-Toor,An-Najm,Al-Qamar,Ar-Rahman,Al-Waqia,Al-Hadeed,Al-Mujadila,Al-Hashr,Al-Mumtahanah,As-Saff,Al-Jumuah,Al-Munafiqoon,At-Taghabun,At-Talaq,At-Tahreem,Al-Mulk,Al-Qalam,Al-Haaqqa,Al-Maaarij,Nooh,Al-Jinn,Al-Muzzammil,Al-Muddaththir,Al-Qiyamah,Al-Insaan,Al-Mursalaat,An-Naba,An-Naaziaat,Abasa,At-Takweer,Al-Infitar,Al-Mutaffifeen,Al-Inshiqaaq,Al-Burooj,At-Taariq,Al-Alaa,Al-Ghaashiyah,Al-Fajr,Al-Balad,Ash-Shams,Al-Layl,Ad-Dhuha,Ash-Sharh,At-Teen,Al-Alaq,Al-Qadr,Al-Bayyinahh,Az-Zalzalah,Al-Aadiyaat,Al-Qaariah,At-Takaathur,Al-Asr,Al-Humazah,Al-Feel,Quraysh,Al-Maaoon,Al-Kawthar,Al-Kaafiroon,An-Nasr,Al-Masad,Al-Ikhlaas,Al-Falaq,Al-Naas
Al-Fatiha,0.0,0.10402491688728333,0.4978863000869751,0.339400976896286,0.3671891689300537,0.43296748399734497,0.41458722949028015,0.354574054479599,0.23820361495018005,0.5240194201469421,0.49438804388046265,0.27674511075019836,0.5391290187835693,0.6518229842185974,0.50224769115448,0.419710636138916,0.6068618893623352,0.45889806747436523,0.5532487630844116,0.4862954616546631,0.5304707288742065,0.3903158903121948,0.5896792411804199,0.3029717206954956,0.45843708515167236,0.45775049924850464,0.44066935777664185,0.49673983454704285,0.6104559302330017,0.4908864200115204,0.6930555105209351,0.5856277346611023,0.40132635831832886,0.6071553230285645,0.465261846780777,0.5460920929908752,0.5216903686523438,0.49249184131622314,0.6798592209815979,0.5933470726013184,0.5186881422996521,0.6657446622848511,0.6125074625015259,0.543594479560852,0.6254293322563171,0.5943697094917297,0.3505222201347351,0.5206828117370605,0.6381244659423828,0.47234252095222473,0.48847082257270813,0.6411694288253784,0.4950063228607178,0.4007614254951477,0.6096710562705994,0.44157716631889343,0.4719391167163849,0.5667870044708252,0.4923131763935089,0.6468900442123413,0.7158495187759399,0.7152556777000427,0.6309478878974915,0.7237542271614075,0.5735917687416077,0.5652764439582825,0.6473946571350098,0.5228918194770813,0.4592188000679016,0.5824108123779297,0.7150464057922363,0.728813886642456,0.6427856683731079,0.5954093933105469,0.611027717590332,0.5632410645484924,0.49031996726989746,0.5864121317863464,0.6117048263549805,0.5798646211624146,0.5765015482902527,0.5467005968093872,0.500687837600708,0.560421347618103,0.6478391885757446,0.6704392433166504,0.7140007019042969,0.5923697352409363,0.6380372643470764,0.6699385643005371,0.576185405254364,0.6621122360229492,0.744103729724884,0.7508831024169922,0.7350093126296997,0.7484335899353027,0.47766220569610596,0.573279619216919,0.44978582859039307,0.6617941856384277,0.6256237030029297,0.7469465732574463,0.5326536297798157,0.6906011700630188,0.6402236819267273,0.7529973983764648,0.6544768810272217,0.349483847618103,0.7680209875106812,0.8260188698768616,0.626426637172699,0.5864291191101074,0.21497923135757446,0.6979268193244934
Al-Baqarah,0.10402491688728333,0.0,0.23748779296875,0.4875026047229767,0.4486030042171478,-0.06406449526548386,0.039760030806064606,0.4313046932220459,0.3261367082595825,-0.06615283340215683,-0.1789136528968811,0.3081361651420593,0.04478078708052635,0.0021951880771666765,-0.054859086871147156,0.08557973802089691,0.08238811045885086,0.017947888001799583,-0.009917177259922028,-0.004118311684578657,-0.03978477790951729,0.12728144228458405,-0.09322874248027802,0.7104571461677551,0.42570510506629944,-0.029814885929226875,-0.0491827130317688,0.11811617016792297,-0.1700056940317154,0.06758294999599457,0.22049640119075775,-0.022651521489024162,0.48436105251312256,-0.19674313068389893,0.17197401821613312,0.094271719455719,-0.20398753881454468,-0.20406530797481537,-0.1713809072971344,-0.23882059752941132,-0.17163440585136414,0.060952719300985336,0.12996064126491547,0.009749732911586761,0.13195767998695374,0.05923581123352051,0.2924931049346924,0.27907150983810425,0.47265446186065674,0.07960882782936096,0.039246391505002975,0.14392822980880737,0.22452311217784882,-0.1411890685558319,0.06657695025205612,0.17856396734714508,0.21469879150390625,0.3703692555427551,0.3198504149913788,0.4156322777271271,0.2980128526687622,0.30823367834091187,0.32976987957954407,0.26044732332229614,0.4331696033477783,0.29008713364601135,-0.031903114169836044,0.1483599692583084,0.009936987422406673,0.2153318226337433,0.12076633423566818,0.1603040099143982,0.32939597964286804,0.0992104634642601,0.23826830089092255,0.06484241783618927,0.08413353562355042,0.04886505752801895,0.0782879963517189,0.2512188255786896,0.22281911969184875,0.1946047693490982,0.10263392329216003,0.1539151966571808,0.14095571637153625,0.24993659555912018,0.21913321316242218,0.08904117345809937,0.13629908859729767,0.29201143980026245,0.1471537947654724,0.11676618456840515,0.16451099514961243,0.21281060576438904,0.14740796387195587,0.2931589186191559,0.19714298844337463,0.11969520896673203,0.16160856187343597,0.19898861646652222,0.19061046838760376,0.1858033835887909,0.12657949328422546,0.15216922760009766,0.16622574627399445,0.24929946660995483,0.2172185182571411,0.07524078339338303,0.15378963947296143,0.18044798076152802,0.15911394357681274,0.07559920102357864,0.033679407089948654,0.14034602046012878
Al Imran,0.4978863000869751,0.23748779296875,0.0,0.6073353886604309,0.6345933675765991,0.18127955496311188,0.005434293299913406,0.6890568137168884,0.5945190191268921,0.4378957450389862,0.11997344344854355,0.05344166234135628,0.3733609616756439,0.34531357884407043,0.06733021885156631,0.4682108759880066,0.03943317010998726,0.07174529880285263,0.026529254391789436,-0.04271363839507103,-0.03645968437194824,0.4485744833946228,0.20718011260032654,0.6025774478912354,0.2213185876607895,0.07312752306461334,0.08548108488321304,0.21294055879116058,0.3592005670070648,0.4165198504924774,0.4148739278316498,0.36428430676460266,0.6919673085212708,0.2304391711950302,0.35519924759864807,0.10322742164134979,0.22454167902469635,0.11612752079963684,0.3897392749786377,0.4510316550731659,0.37521976232528687,0.4793567359447479,0.19287638366222382,0.19920247793197632,0.5457878112792969,0.3654986321926117,0.6284440755844116,0.6622464656829834,0.7011749744415283,0.19719251990318298,0.20521052181720734,0.3628578186035156,0.39875131845474243,0.003114165738224983,0.33687126636505127,0.1303243190050125,0.6112667918205261,0.6312008500099182,0.616976261138916,0.6932241916656494,0.729079008102417,0.6483109593391418,0.6860057711601257,0.6730842590332031,0.5842404961585999,0.6334157586097717,0.28166189789772034,0.2183506339788437,0.1804124414920807,0.4591923654079437,0.3619917631149292,0.5314937233924866,0.4489937126636505,0.4011645019054413,0.36479324102401733,0.2258976548910141,0.30438151955604553,0.29898422956466675,0.28277769684791565,0.3087969124317169,0.3642667531967163,0.3490251302719116,0.4021236002445221,0.40343135595321655,0.5227475166320801,0.3841192424297333,0.44671717286109924,0.34039103984832764,0.36900126934051514,0.4203190207481384,0.4195323884487152,0.5000289082527161,0.5004957318305969,0.4110714793205261,0.49421417713165283,0.47806110978126526,0.25842562317848206,0.6062317490577698,0.0486869215965271,0.4762014150619507,0.3904811441898346,0.4702989161014557,0.43758994340896606,0.4365032911300659,0.32960084080696106,0.5325612425804138,0.5948260426521301,0.08738831430673599,0.4914573132991791,0.5858920812606812,0.4028652310371399,0.48419395089149475,0.18362100422382355,0.41479232907295227
An-Nisa,0.339400976896286,0.4875026047229767,0.6073353886604309,0.0,0.7574366927146912,0.006020636763423681,-0.24526293575763702,0.6705515384674072,0.6909387111663818,-0.006495476234704256,-0.18557827174663544,0.06352759152650833,0.2676437199115753,0.06930482387542725,-0.12635037302970886,0.4275243580341339,0.07241127640008926,-0.06810148805379868,-0.0857982337474823,-0.2701271176338196,-0.11765134334564209,0.39479678869247437,-0.022546662017703056,0.7445858120918274,0.2595338523387909,-0.22603356838226318,-0.18873627483844757,-0.07175734639167786,0.07069841772317886,0.1775539666414261,0.39643594622612,0.04916096851229668,0.831235945224762,-0.06248917430639267,0.35906606912612915,0.009642387740314007,-0.03284290432929993,-0.18051142990589142,0.1662665158510208,-0.04841000214219093,0.04772302135825157,0.3760070204734802,0.10889063030481339,0.04427645727992058,0.18498432636260986,0.12780305743217468,0.6131738424301147,0.6883677244186401,0.7132627964019775,0.00959855318069458,0.006839319132268429,0.24155601859092712,0.20812326669692993,-0.1691623479127884,0.1267077624797821,0.04623153805732727,0.3886943459510803,0.63892662525177,0.5712652206420898,0.7002368569374084,0.534018874168396,0.5133664011955261,0.5257337093353271,0.4620075821876526,0.6728112101554871,0.499024897813797,0.11212319880723953,0.13920143246650696,-0.020853761583566666,0.43240949511528015,0.28562918305397034,0.4414573907852173,0.3871515393257141,0.2702493667602539,0.19640600681304932,0.17769305408000946,0.03122469037771225,0.16448566317558289,0.058668430894613266,0.2575070261955261,0.18660733103752136,0.1420973539352417,0.14105309545993805,0.15291231870651245,0.26658764481544495,0.32199162244796753,0.34501323103904724,0.17518338561058044,0.22692276537418365,0.4225226938724518,0.22720567882061005,0.3268028795719147,0.39305102825164795,0.357551634311676,0.31631574034690857,0.3871992230415344,0.1361362785100937,0.4326513707637787,0.04814714193344116,0.28021788597106934,0.24391841888427734,0.34386491775512695,0.2504006326198578,0.2409905195236206,0.2584332823753357,0.4370795488357544,0.32462063431739807,0.2567400634288788,0.3892257809638977,0.40922823548316956,0.33113741874694824,0.39397698640823364,0.11421268433332443,0.18382754921913147
Al-Maidah,0.3671891689300537,0.4486030042171478,0.6345933675765991,0.7574366927146912,0.0,0.14198964834213257,0.015000817365944386,0.6250563859939575,0.5396072268486023,0.14382098615169525,-0.0008077864767983556,0.07906319200992584,0.3709745407104492,0.17838695645332336,0.09402148425579071,0.5192930698394775,0.07144204527139664,-0.018060777336359024,0.017815999686717987,-0.10011737048625946,-0.03212982416152954,0.5083202123641968,0.12879972159862518,0.6861463785171509,0.3880772590637207,-0.010714559815824032,0.008669137954711914,0.06673979014158249,0.16921266913414001,0.17368187010288239,0.38634631037712097,0.2736426889896393,0.7188585996627808,0.06447214633226395,0.32178351283073425,0.08196306228637695,0.011471805162727833,-0.06520389765501022,0.163987934589386,0.03575751185417175,0.17590521275997162,0.3697311580181122,0.21318499743938446,0.15947477519512177,0.3506580591201782,0.2913428246974945,0.6398555040359497,0.6122729182243347,0.7401736974716187,0.14948415756225586,0.18504463136196136,0.2979269027709961,0.30279889702796936,0.0375034473836422,0.2704806327819824,0.18995894491672516,0.4609942138195038,0.6459276676177979,0.6475104689598083,0.7144740223884583,0.593517541885376,0.5647769570350647,0.5669697523117065,0.5240721106529236,0.6421071290969849,0.5764261484146118,0.17532232403755188,0.23958531022071838,0.18319731950759888,0.43082138895988464,0.3966234028339386,0.4912809729576111,0.35325297713279724,0.2905040979385376,0.20824365317821503,0.16965503990650177,0.23651789128780365,0.2689324915409088,0.1190723329782486,0.2240581214427948,0.2728535830974579,0.28021660447120667,0.29190927743911743,0.24327071011066437,0.45726141333580017,0.3743835687637329,0.35869139432907104,0.21026673913002014,0.28702738881111145,0.38537171483039856,0.3380545675754547,0.3522159457206726,0.37843525409698486,0.4221111536026001,0.3761446475982666,0.4397224485874176,0.22605791687965393,0.5100491642951965,0.0721135288476944,0.3771304488182068,0.3314896821975708,0.4223581552505493,0.31696218252182007,0.2840481102466583,0.40061700344085693,0.46950840950012207,0.47068503499031067,0.12311340123414993,0.4279147982597351,0.4353650212287903,0.3323037326335907,0.2782948315143585,0.21568597853183746,0.2675647735595703
Al-Anam,0.43296748399734497,-0.06406449526548386,0.18127955496311188,0.006020636763423681,0.14198964834213257,0.0,0.41825518012046814,0.062244005501270294,0.051172636449337006,0.6120031476020813,0.39278730750083923,0.07866700738668442,0.6210691332817078,0.37400996685028076,0.33660197257995605,0.6462752223014832,0.33339738845825195,0.43613094091415405,0.19359803199768066,0.1555338352918625,0.31604522466659546,0.44363245368003845,0.6017647385597229,0.08292941749095917,0.4373997747898102,0.17092826962471008,0.4709968566894531,0.2756715416908264,0.4650113880634308,0.5399666428565979,0.48818546533584595,0.5776354670524597,-0.05934666842222214,0.5621806383132935,0.5346367359161377,0.4490537941455841,0.2020907700061798,0.22104854881763458,0.5730038285255432,0.42760995030403137,0.5518465638160706,0.6044972538948059,0.5401496291160583,0.3018379509449005,0.5985088348388672,0.4774399399757385,0.32882001996040344,0.23502391576766968,0.35602930188179016,0.4054781198501587,0.3590482771396637,0.5167742967605591,0.5347349047660828,0.30879437923431396,0.3100745677947998,0.36740976572036743,0.2973884344100952,0.24339696764945984,0.3746695816516876,0.2453487515449524,0.29623496532440186,0.4538412392139435,0.3284761607646942,0.39466118812561035,0.25290220975875854,0.11505237966775894,0.606371283531189,0.4459708631038666,0.39899933338165283,0.32606035470962524,0.3326375484466553,0.5921435356140137,0.2822667956352234,0.4739297926425934,0.41069599986076355,0.2552493214607239,0.46033626794815063,0.3868113160133362,0.4216543734073639,0.3514827787876129,0.2980935573577881,0.47930559515953064,0.43779972195625305,0.3610055446624756,0.4443399906158447,0.44570624828338623,0.4107750356197357,0.37635472416877747,0.3499804735183716,0.3985632061958313,0.371853768825531,0.35941725969314575,0.3678509294986725,0.4187914729118347,0.4139752686023712,0.44506406784057617,0.4559132754802704,0.41876915097236633,0.1790495216846466,0.4362991750240326,0.4405951201915741,0.4556768238544464,0.2735651433467865,0.45122137665748596,0.5353991985321045,0.3582424819469452,0.2191656231880188,0.10699377954006195,0.41025662422180176,0.32465091347694397,0.39004918932914734,0.49513354897499084,0.08602891117334366,0.3247693181037903
Al-Araf,0.41458722949028015,0.039760030806064606,0.005434293299913406,-0.24526293575763702,0.015000817365944386,0.41825518012046814,0.0,-0.09542851150035858,-0.2020513266324997,0.6075671911239624,0.7221642732620239,0.4840509295463562,0.2202669233083725,0.4919022023677826,0.6287797093391418,0.1627386212348938,0.4643354117870331,0.596483051776886,0.49024391174316406,0.6950305700302124,0.6021201014518738,0.10429726541042328,0.6261422038078308,-0.07056356221437454,0.35823962092399597,0.7742626070976257,0.7112712860107422,0.7596675157546997,0.4908047020435333,0.2839135229587555,0.26796185970306396,0.5448288917541504,-0.05059415474534035,0.420206218957901,0.16781091690063477,0.5667394399642944,0.515164315700531,0.5429552793502808,0.1896502524614334,0.4508534371852875,0.3852175772190094,0.16638633608818054,0.6665354371070862,0.502083420753479,0.44909292459487915,0.6419926881790161,0.12739843130111694,0.016694003716111183,0.21502061188220978,0.4122879207134247,0.6349949836730957,0.3934517204761505,0.28496769070625305,0.654462456703186,0.3251487910747528,0.46847331523895264,0.11429454386234283,0.07364843040704727,0.18967768549919128,0.23708407580852509,0.31442534923553467,0.3378446400165558,0.18408489227294922,0.2533842623233795,0.16283990442752838,0.32757046818733215,0.37049317359924316,0.5906233191490173,0.44677409529685974,0.24959541857242584,0.604110836982727,0.34921032190322876,0.2913833558559418,0.33655938506126404,0.24756492674350739,0.28237804770469666,0.42093008756637573,0.2958883047103882,0.4293700158596039,0.35057157278060913,0.32828718423843384,0.31308770179748535,0.36898326873779297,0.4335676431655884,0.38039055466651917,0.3273443877696991,0.38112199306488037,0.3891880512237549,0.4210309684276581,0.41664743423461914,0.49477165937423706,0.2906936705112457,0.23660613596439362,0.36842381954193115,0.4094235301017761,0.3220090866088867,0.2686494290828705,0.2440779060125351,0.3541257679462433,0.3131084740161896,0.36404916644096375,0.36035260558128357,0.29028376936912537,0.3343115746974945,0.5693280100822449,0.427717000246048,0.40200749039649963,0.0263767521828413,0.4960371255874634,0.34919312596321106,0.4070436656475067,0.14930032193660736,-0.012086770497262478,0.20414158701896667
Al-Anfal,0.354574054479599,0.4313046932220459,0.6890568137168884,0.6705515384674072,0.6250563859939575,0.062244005501270294,-0.09542851150035858,0.0,0.8366564512252808,0.17797869443893433,5.556386895477772e-05,0.16801100969314575,0.33621853590011597,0.41216063499450684,0.12807562947273254,0.502098023891449,0.15682360529899597,0.02579830028116703,-0.07944371551275253,-0.12749320268630981,0.04224259406328201,0.5621229410171509,0.17587251961231232,0.7695130109786987,0.3139127790927887,-0.02430345118045807,-0.010566719807684422,0.04664913937449455,0.27055495977401733,0.3554832935333252,0.43835675716400146,0.3242407441139221,0.811565101146698,0.1458553522825241,0.38322171568870544,0.19806808233261108,0.1827390044927597,0.04662198945879936,0.3058510422706604,0.25852105021476746,0.315232515335083,0.41496023535728455,0.11755169183015823,0.28362566232681274,0.43439388275146484,0.2591382563114166,0.6830766797065735,0.7838337421417236,0.7206715941429138,0.29035261273384094,0.2279495894908905,0.4211954176425934,0.37455853819847107,0.08947908133268356,0.19703428447246552,0.2616807818412781,0.627439022064209,0.790585458278656,0.7871776223182678,0.670136034488678,0.6418681740760803,0.6771702766418457,0.7826752066612244,0.6576657891273499,0.7019591331481934,0.612440824508667,0.30622363090515137,0.3940889239311218,0.22232545912265778,0.5589795708656311,0.40307265520095825,0.4231342673301697,0.527823269367218,0.4463927447795868,0.4523094892501831,0.35841745138168335,0.3305363953113556,0.3347598612308502,0.3737756609916687,0.4276791512966156,0.38692447543144226,0.3768939971923828,0.457560271024704,0.47369876503944397,0.5579679608345032,0.4436163604259491,0.41689106822013855,0.41731178760528564,0.3655153214931488,0.4202413856983185,0.49094992876052856,0.4983304440975189,0.40006935596466064,0.49646106362342834,0.41995105147361755,0.49866312742233276,0.29121115803718567,0.5877394676208496,0.22158902883529663,0.5824950933456421,0.4437296390533447,0.5558528304100037,0.27083978056907654,0.513350248336792,0.3795980215072632,0.5393723249435425,0.5003001689910889,0.19939635694026947,0.3855254054069519,0.5717467069625854,0.5168542861938477,0.32296615839004517,0.28964346647262573,0.3203960061073303
At-Tawbah,0.23820361495018005,0.3261367082595825,0.5945190191268921,0.6909387111663818,0.5396072268486023,0.051172636449337006,-0.2020513266324997,0.8366564512252808,0.0,0.13763612508773804,-0.1767607182264328,-0.00044130277819931507,0.32200759649276733,0.29167795181274414,-0.08543680608272552,0.546726405620575,0.0028621149249374866,-0.09089811146259308,-0.2770281434059143,-0.303819477558136,-0.13243098556995392,0.5860641002655029,0.10182952135801315,0.6396953463554382,0.1949111372232437,-0.22539684176445007,-0.15642504394054413,-0.13024184107780457,0.2978191375732422,0.41183173656463623,0.38229334354400635,0.18229395151138306,0.7506235837936401,0.09334872663021088,0.4649360775947571,0.07323962450027466,0.027734803035855293,-0.13182127475738525,0.2664920687675476,0.2532404065132141,0.2769387364387512,0.42507877945899963,-0.019424032419919968,0.116157665848732,0.3935665786266327,0.15121272206306458,0.7510944604873657,0.7788373231887817,0.609625518321991,0.1937098354101181,-0.02014395222067833,0.3232497274875641,0.22413945198059082,-0.05175180733203888,-0.022804176434874535,0.07314950227737427,0.6216719150543213,0.760084867477417,0.7110296487808228,0.6105236411094666,0.5486236214637756,0.5703422427177429,0.6994743347167969,0.5803992748260498,0.6564869284629822,0.37522855401039124,0.22663353383541107,0.2713293433189392,0.09780822694301605,0.475055068731308,0.2527844309806824,0.4332897961139679,0.38486385345458984,0.32318413257598877,0.2981089651584625,0.2878292202949524,0.2161238193511963,0.17629371583461761,0.20888692140579224,0.2780992388725281,0.1931004822254181,0.25380387902259827,0.28758031129837036,0.36127349734306335,0.3927776515483856,0.28631681203842163,0.32507798075675964,0.3476034104824066,0.20420999825000763,0.28060951828956604,0.3651224374771118,0.45518922805786133,0.31781476736068726,0.368451863527298,0.338406503200531,0.3362172245979309,0.13863424956798553,0.633376955986023,0.15130965411663055,0.4148094654083252,0.33549490571022034,0.45512786507606506,0.175476536154747,0.39519619941711426,0.23826242983341217,0.3955194056034088,0.42349565029144287,0.020238999277353287,0.36320748925209045,0.38565775752067566,0.43488073348999023,0.28125810623168945,0.10104134678840637,0.06474071741104126
Yunus,0.5240194201469421,-0.06615283340215683,0.4378957450389862,-0.006495476234704256,0.14382098615169525,0.6120031476020813,0.6075671911239624,0.17797869443893433,0.13763612508773804,0.0,0.7055928707122803,0.16837632656097412,0.4989832937717438,0.7213577032089233,0.48399537801742554,0.4664616584777832,0.3868083357810974,0.49356192350387573,0.3362702429294586,0.41488537192344666,0.4753953516483307,0.4132774770259857,0.6495358943939209,0.06128554418683052,0.4187648296356201,0.5360799431800842,0.6354643702507019,0.6046485900878906,0.7627012133598328,0.6056560277938843,0.4727846682071686,0.7080515027046204,0.05427589267492294,0.6725214719772339,0.4479004740715027,0.48237690329551697,0.5417842268943787,0.5667629241943359,0.6083135008811951,0.808609127998352,0.7520233988761902,0.5612547993659973,0.6593438982963562,0.5555200576782227,0.8005344271659851,0.7458248138427734,0.4063924252986908,0.3217041790485382,0.4084010720252991,0.562295138835907,0.5309095978736877,0.5445261001586914,0.42555367946624756,0.6149899363517761,0.3508460819721222,0.42908352613449097,0.4638398587703705,0.33277544379234314,0.42590591311454773,0.3146665692329407,0.5088763236999512,0.5976857542991638,0.45288997888565063,0.5418292880058289,0.30135172605514526,0.3521570563316345,0.5872507095336914,0.5038522481918335,0.5841100811958313,0.3974980413913727,0.5414627194404602,0.5171508193016052,0.4523949921131134,0.5264932513237,0.46972551941871643,0.32747331261634827,0.6320010423660278,0.4293990433216095,0.5498596429824829,0.42660921812057495,0.4282771348953247,0.4858240783214569,0.5734456181526184,0.5834466218948364,0.6145123243331909,0.472034752368927,0.5110257863998413,0.5451758503913879,0.5430806279182434,0.5021475553512573,0.5924357771873474,0.5444591045379639,0.40711531043052673,0.42808088660240173,0.5789383053779602,0.4220464527606964,0.4182179272174835,0.5065321922302246,0.31131407618522644,0.4889887273311615,0.5628208518028259,0.5079790949821472,0.4000363349914551,0.5543506741523743,0.5270887017250061,0.5182968974113464,0.47036054730415344,-0.08024764806032181,0.5401836633682251,0.4717949330806732,0.5218824744224548,0.44356226921081543,0.10191096365451813,0.26591357588768005
Hud,0.49438804388046265,-0.1789136528968811,0.11997344344854355,-0.18557827174663544,-0.0008077864767983556,0.39278730750083923,0.7221642732620239,5.556386895477772e-05,-0.1767607182264328,0.7055928707122803,0.0,0.5253890752792358,0.23813335597515106,0.6586636900901794,0.7038538455963135,0.13463318347930908,0.5324541926383972,0.686734676361084,0.6405686736106873,0.6859574913978577,0.6810638308525085,0.06417904049158096,0.6279260516166687,-0.1523141860961914,0.25886550545692444,0.7711115479469299,0.7541232109069824,0.7624654173851013,0.5830486416816711,0.18131354451179504,0.26726531982421875,0.5863686203956604,-0.024188533425331116,0.6108421087265015,0.14814485609531403,0.5260879397392273,0.6523351073265076,0.7188198566436768,0.4816035032272339,0.6036418080329895,0.5367199182510376,0.24165970087051392,0.6299633383750916,0.6038820743560791,0.48444637656211853,0.7868387699127197,0.10889469087123871,0.05726640671491623,0.22827979922294617,0.4890434443950653,0.7030771374702454,0.4639826714992523,0.33755263686180115,0.7312214970588684,0.3064199388027191,0.42631593346595764,0.03492140769958496,0.16298457980155945,0.19236376881599426,0.25005966424942017,0.3578858971595764,0.38342106342315674,0.3018442988395691,0.3160784840583801,0.13538673520088196,0.36259764432907104,0.48231273889541626,0.6611430644989014,0.615315318107605,0.3508065938949585,0.6622593402862549,0.3564087152481079,0.36355504393577576,0.5088450908660889,0.3444291949272156,0.3172280788421631,0.472259521484375,0.4027835726737976,0.5051577091217041,0.3945408761501312,0.42979907989501953,0.40029987692832947,0.5138098001480103,0.5339791178703308,0.44831332564353943,0.44427257776260376,0.4105543792247772,0.437546968460083,0.6326025128364563,0.4388405680656433,0.5038332939147949,0.32717323303222656,0.38782474398612976,0.4943270981311798,0.4611670672893524,0.4372531473636627,0.37395179271698,0.26192066073417664,0.3864850401878357,0.3917618989944458,0.46620774269104004,0.4349718689918518,0.2681696116924286,0.4417168200016022,0.5317743420600891,0.47467508912086487,0.3377094268798828,0.17025621235370636,0.5197594165802002,0.4555654525756836,0.4592173397541046,0.29042211174964905,0.09014243632555008,0.2509726285934448
Yusuf,0.27674511075019836,0.3081361651420593,0.05344166234135628,0.06352759152650833,0.07906319200992584,0.07866700738668442,0.4840509295463562,0.16801100969314575,-0.00044130277819931507,0.16837632656097412,0.5253890752792358,0.0,-0.03451968729496002,0.3367604911327362,0.524019181728363,-0.05904535576701164,0.46979960799217224,0.5795747637748718,0.5693131685256958,0.5565704703330994,0.5455295443534851,-0.14879408478736877,0.30843496322631836,0.14816470444202423,0.19817990064620972,0.5717971324920654,0.5900464653968811,0.6774044036865234,0.1473294496536255,-0.06604577600955963,0.24340571463108063,0.17812028527259827,0.24769257009029388,0.12087160348892212,0.03555731847882271,0.43033307790756226,0.43466830253601074,0.4618203938007355,0.08041232079267502,0.18058669567108154,0.025550350546836853,0.0015275472542271018,0.4554458260536194,0.36927974224090576,0.13673008978366852,0.5158554315567017,-0.037717364728450775,0.10514426231384277,0.30713024735450745,0.3083854019641876,0.5317876935005188,0.25365832448005676,0.3727584481239319,0.39609190821647644,0.1348060816526413,0.23563887178897858,-0.12036649882793427,0.18427768349647522,0.1619730144739151,0.21509404480457306,0.3960980474948883,0.3219207227230072,0.2718670666217804,0.17171046137809753,0.25366872549057007,0.4932671785354614,0.16412125527858734,0.5517262816429138,0.3663543164730072,0.17601697146892548,0.5247212052345276,0.20208992063999176,0.3575698137283325,0.31862103939056396,0.3297172486782074,0.23356999456882477,0.12765656411647797,0.188632532954216,0.37446755170822144,0.468216210603714,0.42722287774086,0.31990325450897217,0.31522223353385925,0.4556942284107208,0.25284910202026367,0.4446914792060852,0.3521214425563812,0.237463116645813,0.5034398436546326,0.41573366522789,0.38795262575149536,0.09881133586168289,0.2943606972694397,0.46839743852615356,0.24339096248149872,0.5091041922569275,0.38336655497550964,0.053112056106328964,0.37026676535606384,0.37368065118789673,0.2902234196662903,0.3266259729862213,0.14437638223171234,0.3219241201877594,0.46512892842292786,0.42504921555519104,0.11393941938877106,0.3320814371109009,0.36297670006752014,0.3972642719745636,0.39541131258010864,0.18352796137332916,0.0060387058183550835,0.20794813334941864
Ar-Rad,0.5391290187835693,0.04478078708052635,0.3733609616756439,0.2676437199115753,0.3709745407104492,0.6210691332817078,0.2202669233083725,0.33621853590011597,0.32200759649276733,0.4989832937717438,0.23813335597515106,-0.03451968729496002,0.0,0.5206581950187683,0.4495927095413208,0.8339818120002747,0.4863041639328003,0.34717676043510437,0.40976062417030334,0.1872478872537613,0.35989508032798767,0.8218705654144287,0.545623779296875,0.3726567029953003,0.6156690120697021,0.17806024849414825,0.44589847326278687,0.20214568078517914,0.5987047553062439,0.7466711401939392,0.8048298954963684,0.725502610206604,0.23643644154071808,0.6655853390693665,0.7829328775405884,0.5480021834373474,0.35639750957489014,0.3653642237186432,0.6676281690597534,0.510942280292511,0.6766454577445984,0.854638934135437,0.44631412625312805,0.5849560499191284,0.7451611161231995,0.43286484479904175,0.4883933365345001,0.6060667037963867,0.5196619033813477,0.6439956426620483,0.5027921199798584,0.6956092715263367,0.7639940977096558,0.41299110651016235,0.5300954580307007,0.5553488731384277,0.7216663956642151,0.5620110034942627,0.7411928176879883,0.36371177434921265,0.5774343013763428,0.7522916793823242,0.5017709732055664,0.7450811266899109,0.6378092169761658,0.3206672966480255,0.7009710073471069,0.35354000329971313,0.5981585383415222,0.5972102880477905,0.4973069429397583,0.6175631880760193,0.6726219654083252,0.7005965709686279,0.6816827058792114,0.6376100778579712,0.6869880557060242,0.7381730079650879,0.7142482995986938,0.6525090336799622,0.6563220024108887,0.7577659487724304,0.6414744257926941,0.6423971056938171,0.7810900807380676,0.7457224130630493,0.7327818274497986,0.7190080285072327,0.626754879951477,0.6695247292518616,0.7186723947525024,0.6778689026832581,0.5177098512649536,0.5748081803321838,0.7517366409301758,0.6095216274261475,0.7180758118629456,0.7747370004653931,0.4259440302848816,0.7304973602294922,0.724926233291626,0.6484313011169434,0.5414146780967712,0.7302096486091614,0.6818487644195557,0.6126043796539307,0.5088879466056824,0.1772615909576416,0.4556948244571686,0.6329416036605835,0.633906900882721,0.7007373571395874,0.3664238154888153,0.5074785947799683
Ibrahim,0.6518229842185974,0.0021951880771666765,0.34531357884407043,0.06930482387542725,0.17838695645332336,0.37400996685028076,0.4919022023677826,0.41216063499450684,0.29167795181274414,0.7213577032089233,0.6586636900901794,0.3367604911327362,0.5206581950187683,0.0,0.6874942779541016,0.45526936650276184,0.6738651990890503,0.5825230479240417,0.5369644165039062,0.5729449391365051,0.6654524803161621,0.5139943361282349,0.6718711853027344,0.16026604175567627,0.454288512468338,0.5509541034698486,0.5858497619628906,0.5384320616722107,0.7490267157554626,0.567349374294281,0.6418020725250244,0.7815859913825989,0.27406758069992065,0.7403551340103149,0.5385907888412476,0.6804710030555725,0.6589746475219727,0.6958431601524353,0.6998984813690186,0.78987717628479,0.7287569642066956,0.603974461555481,0.6654875874519348,0.7949591875076294,0.7806185483932495,0.7440979480743408,0.40026071667671204,0.5103460550308228,0.42921578884124756,0.7535116076469421,0.6419481039047241,0.6816413998603821,0.5079798102378845,0.7479477524757385,0.5189893245697021,0.5866443514823914,0.5253413915634155,0.527312159538269,0.5636240839958191,0.39510276913642883,0.6306391358375549,0.7076345682144165,0.5884378552436829,0.6906366348266602,0.5302627086639404,0.49972718954086304,0.6851730942726135,0.6623324155807495,0.738288402557373,0.5885635018348694,0.770244836807251,0.569281816482544,0.6555701494216919,0.683054506778717,0.693848729133606,0.679439127445221,0.7361001372337341,0.6746309399604797,0.7696340084075928,0.7008264660835266,0.6334203481674194,0.6302719712257385,0.6784149408340454,0.7852936387062073,0.7455163598060608,0.6860594153404236,0.6589005589485168,0.7856031060218811,0.7154938578605652,0.5954851508140564,0.7642160654067993,0.6561448574066162,0.584763765335083,0.658850371837616,0.6948453187942505,0.5930355787277222,0.6101481914520264,0.5408328175544739,0.6350805163383484,0.7448252439498901,0.7368143796920776,0.7666833996772766,0.38005581498146057,0.7921963930130005,0.6959027647972107,0.6737779974937439,0.495086133480072,0.20848704874515533,0.6215745806694031,0.7222974300384521,0.7250288128852844,0.3984346091747284,0.18961593508720398,0.4011964499950409
Al-Hijr,0.50224769115448,-0.054859086871147156,0.06733021885156631,-0.12635037302970886,0.09402148425579071,0.33660197257995605,0.6287797093391418,0.12807562947273254,-0.08543680608272552,0.48399537801742554,0.7038538455963135,0.524019181728363,0.4495927095413208,0.6874942779541016,0.0,0.27698424458503723,0.7434670329093933,0.751303493976593,0.7577698826789856,0.7207686901092529,0.8162517547607422,0.27065491676330566,0.7771781086921692,-0.04549286514520645,0.5550944805145264,0.8229372501373291,0.8056548833847046,0.6497814059257507,0.5753980278968811,0.2710481584072113,0.4412511885166168,0.7574368119239807,0.0477154441177845,0.7241763472557068,0.26336634159088135,0.7674244046211243,0.7401031851768494,0.8041032552719116,0.42491650581359863,0.5311561822891235,0.5944401621818542,0.3249165415763855,0.7272890210151672,0.828262448310852,0.5394413471221924,0.7399255037307739,0.10914204269647598,0.20219603180885315,0.24310636520385742,0.752988874912262,0.8499723076820374,0.6301048994064331,0.5476086139678955,0.814915120601654,0.5018208622932434,0.7311322093009949,0.18781700730323792,0.27918344736099243,0.3580801784992218,0.1929473876953125,0.41914117336273193,0.5441465973854065,0.30622225999832153,0.3781605660915375,0.2899435758590698,0.4796156585216522,0.6641839146614075,0.7167696952819824,0.8266597986221313,0.4462377429008484,0.7393977642059326,0.43243667483329773,0.5436971187591553,0.6314120888710022,0.5454642176628113,0.5438287854194641,0.6805044412612915,0.6716344952583313,0.7378855347633362,0.6058457493782043,0.6746249198913574,0.6585402488708496,0.6977531313896179,0.6746447086334229,0.6901787519454956,0.6985048055648804,0.5823280215263367,0.6573394536972046,0.6871452927589417,0.5559712052345276,0.7141668796539307,0.4039405882358551,0.4377953112125397,0.5632139444351196,0.6009106636047363,0.5222563147544861,0.6753584742546082,0.363650918006897,0.5541753172874451,0.6367634534835815,0.6689333915710449,0.661132276058197,0.30021384358406067,0.6477422714233398,0.7802711129188538,0.6123495101928711,0.34057968854904175,0.27619561553001404,0.5381140112876892,0.5655871629714966,0.596723198890686,0.3598584830760956,0.1717587411403656,0.466707706451416
