Books,Al-Fatiha,Al-Baqarah,Al Imran,An-Nisa,Al-Maidah,Al-Anam,Al-Araf,Al-Anfal,At-Tawbah,Yunus,Hud,Yusuf,Ar-Rad,Ibrahim,Al-Hijr,An-Nahl,Al-Isra,Al-Kahf,Maryam,Ta-Ha,Al-Anbiya,Al-Hajj,Al-Muminun,An-Nur,Al-Furqan,Ash-Shuara,An-Naml,Al-Qasas,Al-Ankabut,Ar-Rum,Luqmaan,As-Sajda,Al-Ahzaab,Saba (surah),Faatir,Yaseen,As-Saaffaat,Saad,Az-Zumar,Ghafir,Fussilat,Ash_Shooraa,Az-Zukhruf,Ad-Dukhaan,Al-Jaathiyah,Al-Ahqaaf,Muhammad,Al-Fath,Al-Hujuraat,Qaaf,Adh-Dhaariyaat,At-Toor,An-Najm,Al-Qamar,Ar-Rahman,Al-Waqia,Al-Hadeed,Al-Mujadila,Al-Hashr,Al-Mumtahanah,As-Saff,Al-Jumuah,Al-Munafiqoon,At-Taghabun,At-Talaq,At-Tahreem,Al-Mulk,Al-Qalam,Al-Haaqqa,Al-Maaarij,Nooh,Al-Jinn,Al-Muzzammil,Al-Muddaththir,Al-Qiyamah,Al-Insaan,Al-Mursalaat,An-Naba,An-Naaziaat,Abasa,At-Takweer,Al-Infitar,Al-Mutaffifeen,Al-Inshiqaaq,Al-Burooj,At-Taariq,Al-Alaa,Al-Ghaashiyah,Al-Fajr,Al-Balad,Ash-Shams,Al-Layl,Ad-Dhuha,Ash-Sharh,At-Teen,Al-Alaq,Al-Qadr,Al-Bayyinahh,Az-Zalzalah,Al-Aadiyaat,Al-Qaariah,At-Takaathur,Al-Asr,Al-Humazah,Al-Feel,Quraysh,Al-Maaoon,Al-Kawthar,Al-Kaafiroon,An-Nasr,Al-Masad,Al-Ikhlaas,Al-Falaq,Al-Naas
Book document vector lengths,1.1848155,16.29141,9.582474,17.858898,11.32871,10.520107,11.651301,10.084154,15.557972,9.65738,9.269349,14.616322,7.523319,6.465622,8.511634,8.260066,8.275875,8.848789,8.472399,10.574484,9.301877,7.5989137,7.5183268,9.3915415,7.76817,10.683433,7.9708643,9.922658,7.4795747,7.5471897,6.4708796,5.658031,11.71362,6.482732,7.068414,6.782741,8.701658,7.963946,8.003293,7.142278,6.7690563,7.51562,6.854342,6.407648,6.7024817,6.408517,7.9637027,7.8308105,6.239197,5.99906,5.4412904,5.479492,5.7486777,7.453133,11.313467,7.5496697,7.6345096,6.557658,6.11424,5.7852235,4.697801,4.0424376,3.8721611,5.3894176,5.5101085,4.2012815,5.696019,5.598888,5.6044106,5.161233,4.5751762,4.630726,4.522314,4.479897,4.8596015,5.1530476,5.884099,5.028117,4.397923,4.9658856,4.1927867,3.452931,4.373606,3.032135,3.4428701,2.6134467,3.0997722,3.894983,3.543689,2.588347,2.7395096,2.8524466,1.3627752,1.5595281,1.5323704,2.555727,1.2012173,2.452092,2.0287178,1.8082397,1.9351583,1.7682734,0.896778,1.618317,1.2539537,1.131018,1.2848678,0.5139079,1.1550566,1.0646309,1.6634029,0.8254482,1.2163976,1.6405276
Book sum of word vector lengths,735.7808447480202,113655.06256857514,62180.867150872946,62645.66784849763,48716.81730541587,56456.36019688845,62264.10816025734,22032.406206339598,44459.90909340978,33410.74544388056,35674.46518468857,31863.18026176095,15432.896303504705,15872.404886871576,12696.37418743968,33835.769678890705,28424.417806237936,28416.801638185978,17335.3368896842,24982.667829871178,21485.98936071992,21923.504628539085,19596.159184485674,22295.07059547305,16520.79256746173,24744.599361896515,20836.86190930009,25922.42898979783,17896.933550953865,14879.153235912323,9182.607022732496,6787.824478566647,21409.44025078416,15745.152597725391,13322.19537305832,13972.671469897032,16339.747687727213,13375.917054712772,21070.785561949015,22112.182851672173,15388.596317529678,15386.260516941547,16317.143705546856,6347.977842956781,9320.95277863741,11486.88752681017,9849.541550904512,10075.80741634965,5818.361281603575,6645.497090250254,6254.047363579273,5876.895779103041,6000.502568423748,6485.019152253866,7412.7018485963345,6457.566492050886,10475.619185566902,8061.87545773387,7800.3326288461685,6217.3544109761715,3930.7476221323013,2856.923590749502,3191.906714260578,4574.499121397734,4937.861624389887,4328.31444093585,5915.416687101126,5700.899961590767,4926.422397732735,3860.353264003992,3792.231726318598,4937.117102950811,2963.921287983656,4395.099292755127,3015.2413015663624,3978.810702353716,3443.5000385046005,3285.8897907733917,3153.4650079607964,2409.375576943159,1698.577825307846,1516.745743393898,2929.423041164875,1834.979760915041,1841.0351465046406,1098.988182425499,1241.4586050212383,1518.337153941393,2222.4341076910496,1320.594575703144,1011.6501370668411,1489.2840129435062,740.7819673120975,449.09302484989166,521.1713217496872,1127.8101311028004,492.7339975833893,1426.1203346550465,713.4825916588306,679.1136372685432,646.8113281726837,477.36453223228455,248.69891366362572,525.7931582927704,325.29267024993896,264.93245309591293,412.9149052500725,215.76226684451103,433.01698637008667,381.68219447135925,288.7399964630604,192.94490838050842,355.59816190600395,445.11967772245407

Similarity matrix,Al-Fatiha,Al-Baqarah,Al Imran,An-Nisa,Al-Maidah,Al-Anam,Al-Araf,Al-Anfal,At-Tawbah,Yunus,Hud,Yusuf,Ar-Rad,Ibrahim,Al-Hijr,An-Nahl,Al-Isra,Al-Kahf,Maryam,Ta-Ha,Al-Anbiya,Al-Hajj,Al-Muminun,An-Nur,Al-Furqan,Ash-Shuara,An-Naml,Al-Qasas,Al-Ankabut,Ar-Rum,Luqmaan,As-Sajda,Al-Ahzaab,Saba (surah),Faatir,Yaseen,As-Saaffaat,Saad,Az-Zumar,Ghafir,Fussilat,Ash_Shooraa,Az-Zukhruf,Ad-Dukhaan,Al-Jaathiyah,Al-Ahqaaf,Muhammad,Al-Fath,Al-Hujuraat,Qaaf,Adh-Dhaariyaat,At-Toor,An-Najm,Al-Qamar,Ar-Rahman,Al-Waqia,Al-Hadeed,Al-Mujadila,Al-Hashr,Al-Mumtahanah,As-Saff,Al-Jumuah,Al-Munafiqoon,At-Taghabun,At-Talaq,At-Tahreem,Al-Mulk,Al-Qalam,Al-Haaqqa,Al-Maaarij,Nooh,Al-Jinn,Al-Muzzammil,Al-Muddaththir,Al-Qiyamah,Al-Insaan,Al-Mursalaat,An-Naba,An-Naaziaat,Abasa,At-Takweer,Al-Infitar,Al-Mutaffifeen,Al-Inshiqaaq,Al-Burooj,At-Taariq,Al-Alaa,Al-Ghaashiyah,Al-Fajr,Al-Balad,Ash-Shams,Al-Layl,Ad-Dhuha,Ash-Sharh,At-Teen,Al-Alaq,Al-Qadr,Al-Bayyinahh,Az-Zalzalah,Al-Aadiyaat,Al-Qaariah,At-Takaathur,Al-Asr,Al-Humazah,Al-Feel,Quraysh,Al-Maaoon,Al-Kawthar,Al-Kaafiroon,An-Nasr,Al-Masad,Al-Ikhlaas,Al-Falaq,Al-Naas
Al-Fatiha,0.0,0.1153489202260971,0.3883648216724396,0.25256213545799255,0.3471132218837738,0.477821409702301,0.3886609375476837,0.2292100340127945,0.11274886131286621,0.5302048921585083,0.4777982831001282,0.2310052216053009,0.45749327540397644,0.6267199516296387,0.4630429744720459,0.46493038535118103,0.4195835292339325,0.41298457980155945,0.5046643614768982,0.44162607192993164,0.3996509313583374,0.3723345398902893,0.5686005353927612,0.3988162875175476,0.49784794449806213,0.41330286860466003,0.3830187916755676,0.4435916841030121,0.6196191310882568,0.49683621525764465,0.6047738790512085,0.6051472425460815,0.33876413106918335,0.5790145397186279,0.5179870128631592,0.4335259199142456,0.4176284670829773,0.5046191811561584,0.5697459578514099,0.5572140216827393,0.4514867663383484,0.6097962856292725,0.5406138896942139,0.4907080829143524,0.6115617752075195,0.5245845317840576,0.36995500326156616,0.39337626099586487,0.5313477516174316,0.48603278398513794,0.41251853108406067,0.45168641209602356,0.4832271635532379,0.47972288727760315,0.5881553888320923,0.5254673957824707,0.49177563190460205,0.41184669733047485,0.4462142884731293,0.5928657650947571,0.571509063243866,0.4948064386844635,0.4605119526386261,0.6563900113105774,0.5365746021270752,0.4927510619163513,0.5603119134902954,0.43755829334259033,0.5435748100280762,0.5146099925041199,0.664967954158783,0.5646451115608215,0.469419926404953,0.4911383390426636,0.4871193766593933,0.47385373711586,0.4773361384868622,0.5667441487312317,0.42067793011665344,0.436896413564682,0.393968790769577,0.6519205570220947,0.45123201608657837,0.4478563666343689,0.5687348246574402,0.5039048194885254,0.6275403499603271,0.5779687166213989,0.5476301908493042,0.5905115008354187,0.4728735685348511,0.5709658861160278,0.6155920624732971,0.5761433839797974,0.588996410369873,0.6270012855529785,0.4501650333404541,0.5529524087905884,0.5218123197555542,0.4512316584587097,0.46310070157051086,0.5639359951019287,0.5807729363441467,0.5631301403045654,0.5927236080169678,0.532065749168396,0.601529598236084,0.42320188879966736,0.6704512238502502,0.6105536818504333,0.6283559203147888,0.608394205570221,0.4339897930622101,0.49971872568130493
Al-Baqarah,0.1153489202260971,0.0,0.7155771851539612,0.6985284686088562,0.687556266784668,-0.003165182424709201,-0.1307009905576706,0.5811785459518433,0.6270203590393066,-0.03934326395392418,-0.11011265963315964,0.08405818790197372,0.19365441799163818,0.02856496162712574,-0.17759867012500763,0.2576042413711548,0.022697314620018005,-0.039480969309806824,-0.08953847736120224,-0.16728447377681732,-0.17091158032417297,0.4079851806163788,-0.015325836837291718,0.6534390449523926,-0.01775667443871498,-0.02586604654788971,0.12760749459266663,-0.05701719969511032,0.15204498171806335,0.3140367269515991,0.37068578600883484,0.011391007341444492,0.6356081366539001,0.07167825102806091,0.410582959651947,0.022640084847807884,-0.1820295751094818,-0.17634503543376923,0.0009082963224500418,0.04794774577021599,0.06327547132968903,0.2991907000541687,0.014867695048451424,0.022172508761286736,0.3266559839248657,0.24963317811489105,0.46852579712867737,0.5152928233146667,0.5706025958061218,-0.1055583506822586,0.053653232753276825,0.14026577770709991,0.2281065732240677,-0.060194652527570724,-0.0069244480691850185,0.14004544913768768,0.5555131435394287,0.6486529111862183,0.481330543756485,0.5379509925842285,0.5592971444129944,0.5084949731826782,0.5108907222747803,0.44262489676475525,0.5131769776344299,0.38444507122039795,0.11967375874519348,0.16799312829971313,0.1258753091096878,0.306431382894516,0.19105204939842224,0.21598102152347565,0.4067990183830261,0.2798282504081726,0.13753145933151245,0.15160104632377625,0.07230503857135773,-0.01256029773503542,0.09681453555822372,0.3018035590648651,0.17490452527999878,0.16610656678676605,0.15139293670654297,0.07848754525184631,0.24947991967201233,0.30052414536476135,0.26103875041007996,0.24832133948802948,0.19181294739246368,0.2639366388320923,0.299352765083313,0.23652128875255585,0.2869639992713928,0.18247412145137787,0.18633584678173065,0.16882441937923431,0.3193413317203522,0.3844473659992218,0.2726651430130005,0.250201016664505,0.25870004296302795,0.2075650691986084,0.43199628591537476,0.26781153678894043,0.1931135654449463,0.2690919041633606,0.39258676767349243,0.23380033671855927,0.29842254519462585,0.29394838213920593,0.3411223292350769,0.2945891320705414,0.21197357773780823,0.29811370372772217
Al Imran,0.3883648216724396,0.7155771851539612,0.0,0.7459877729415894,0.8165097832679749,0.09600607305765152,-0.017460301518440247,0.768782377243042,0.7622243165969849,0.1797792911529541,0.07833733409643173,0.05722414702177048,0.3578750789165497,0.23415230214595795,-0.08339376002550125,0.40385428071022034,0.006026601418852806,-0.07396721094846725,-0.017714496701955795,-0.130964457988739,-0.11062408983707428,0.4895901083946228,0.15045054256916046,0.7482290267944336,0.10973777621984482,0.08869760483503342,0.13776694238185883,0.057578932493925095,0.4708225429058075,0.4415130913257599,0.4920758306980133,0.23477663099765778,0.7657943367958069,0.27203041315078735,0.465786874294281,0.046621475368738174,0.03738914430141449,-0.04350714385509491,0.2972870469093323,0.36714476346969604,0.2993119955062866,0.5017160177230835,0.168203204870224,0.13001029193401337,0.5389308333396912,0.5029429197311401,0.6350307464599609,0.7081744074821472,0.7530402541160583,-0.013924544677138329,0.16981127858161926,0.16114775836467743,0.3158385753631592,0.01740162819623947,0.04416569694876671,0.16443119943141937,0.734752893447876,0.7864957451820374,0.7286908626556396,0.7811198830604553,0.7915899753570557,0.6546388864517212,0.7250223755836487,0.7323300838470459,0.603120744228363,0.5624186992645264,0.2436097115278244,0.25844404101371765,0.1995689570903778,0.42212221026420593,0.366942822933197,0.3786202073097229,0.43289852142333984,0.40178418159484863,0.15387925505638123,0.1760217398405075,0.16045722365379333,0.0995563194155693,0.17811059951782227,0.30978232622146606,0.24758471548557281,0.3403163552284241,0.35331350564956665,0.2845098674297333,0.528823733329773,0.3429880738258362,0.40100619196891785,0.35489189624786377,0.31682032346725464,0.37883323431015015,0.40697646141052246,0.43575823307037354,0.3930260241031647,0.2666902542114258,0.40916889905929565,0.354689359664917,0.3439558446407318,0.663631796836853,0.3284319341182709,0.4055248498916626,0.34787890315055847,0.3204938471317291,0.597428023815155,0.39503711462020874,0.39191702008247375,0.4360710382461548,0.6190505623817444,0.3991953730583191,0.45448458194732666,0.5070282220840454,0.4586610198020935,0.4440388083457947,0.3960948586463928,0.4335590898990631
An-Nisa,0.25256213545799255,0.6985284686088562,0.7459877729415894,0.0,0.7410919070243835,-0.01704016700387001,-0.2405257523059845,0.686019241809845,0.7271890044212341,-0.10855641216039658,-0.16990455985069275,-0.08058281987905502,0.36643221974372864,-0.0007110977312549949,-0.18398767709732056,0.4337448477745056,0.13721786439418793,-0.13648582994937897,-0.08731712400913239,-0.27209219336509705,-0.2472313791513443,0.44217973947525024,0.04909072071313858,0.8202773332595825,0.1542760580778122,-0.16452482342720032,-0.05925318971276283,-0.17400498688220978,0.19323499500751495,0.3696358799934387,0.3845512568950653,0.05881939455866814,0.8384861350059509,0.17277222871780396,0.5384551882743835,0.08314061909914017,-0.03965238854289055,-0.20775406062602997,0.20294073224067688,-0.0016285311430692673,0.11722755432128906,0.5189924836158752,0.11646728962659836,0.03838782012462616,0.27189818024635315,0.22472234070301056,0.653170108795166,0.732419490814209,0.7036682963371277,-0.10258675366640091,-0.014052572660148144,0.1806212067604065,0.21219423413276672,-0.09351024776697159,0.00708758132532239,0.21718859672546387,0.6500009894371033,0.7546805143356323,0.6249757409095764,0.7121661305427551,0.49569347500801086,0.46210211515426636,0.5716298818588257,0.5199848413467407,0.6551933884620667,0.3738192617893219,0.21244752407073975,0.14266476035118103,0.09688479453325272,0.4130367040634155,0.2619924545288086,0.3407727777957916,0.3489754796028137,0.2943932116031647,0.06507869064807892,0.24175138771533966,0.008395188488066196,0.09808730334043503,0.07324281334877014,0.33947041630744934,0.14613351225852966,0.19597233831882477,0.1020287498831749,0.08460579067468643,0.31200769543647766,0.34948620200157166,0.2818688750267029,0.30261650681495667,0.16501252353191376,0.32985925674438477,0.30696192383766174,0.39696142077445984,0.3435445725917816,0.286302775144577,0.16384005546569824,0.28985926508903503,0.23233149945735931,0.37050923705101013,0.2652442753314972,0.222537100315094,0.26868414878845215,0.1749289482831955,0.4356909394264221,0.27974802255630493,0.3192315697669983,0.3804419934749603,0.41321274638175964,0.3120482265949249,0.35039445757865906,0.27832335233688354,0.39411914348602295,0.3231203854084015,0.2827875316143036,0.30733731389045715
Al-Maidah,0.3471132218837738,0.687556266784668,0.8165097832679749,0.7410919070243835,0.0,0.09647732973098755,-0.01657785102725029,0.7248923182487488,0.70391446352005,0.12226581573486328,0.047136593610048294,0.021479660645127296,0.2880963981151581,0.17256517708301544,-0.06086764112114906,0.43851417303085327,-0.040549565106630325,-0.01141952071338892,-0.05903131142258644,-0.0684218555688858,-0.1663045436143875,0.5031474232673645,0.15415793657302856,0.7383782863616943,0.09751708805561066,0.14251576364040375,0.12436976283788681,0.07991325110197067,0.3373573422431946,0.4014975130558014,0.36503103375434875,0.2252790629863739,0.7404972910881042,0.22662439942359924,0.4063073396682739,0.03294440358877182,-0.03451354429125786,-0.12403380125761032,0.20469367504119873,0.21880559623241425,0.22832037508487701,0.3997832238674164,0.21769019961357117,0.11103919893503189,0.4073292016983032,0.4442547857761383,0.6770762205123901,0.6471566557884216,0.759257435798645,-0.054717764258384705,0.21431685984134674,0.1863650530576706,0.28756770491600037,0.04747643321752548,0.18263989686965942,0.21895667910575867,0.6160420179367065,0.7326944470405579,0.6657151579856873,0.7538588047027588,0.6849068403244019,0.6440379619598389,0.691170871257782,0.5917562246322632,0.5636026859283447,0.5036906003952026,0.16790618002414703,0.2784041464328766,0.244672492146492,0.41190803050994873,0.3077731132507324,0.3424743711948395,0.41390013694763184,0.40134984254837036,0.14690053462982178,0.12813515961170197,0.23377609252929688,0.0919303372502327,0.10806935280561447,0.281228244304657,0.25515732169151306,0.29452240467071533,0.3051084578037262,0.20736318826675415,0.43167564272880554,0.33832383155822754,0.3028891086578369,0.36131593585014343,0.3022824227809906,0.3656499683856964,0.41596072912216187,0.25739189982414246,0.356708288192749,0.2756512761116028,0.3546562194824219,0.2882455587387085,0.3458578586578369,0.577309250831604,0.3274484872817993,0.34594184160232544,0.2858765125274658,0.2817947566509247,0.503105878829956,0.32675042748451233,0.3806668519973755,0.42750465869903564,0.5339088439941406,0.39196136593818665,0.4880756735801697,0.39172694087028503,0.42494791746139526,0.3641919791698456,0.3676311671733856,0.4420087933540344
Al-Anam,0.477821409702301,-0.003165182424709201,0.09600607305765152,-0.01704016700387001,0.09647732973098755,0.0,0.5904256701469421,0.038913704454898834,-0.07695312798023224,0.78205806016922,0.5545260906219482,0.2118002325296402,0.542335033416748,0.486266553401947,0.47493454813957214,0.6330506205558777,0.47347313165664673,0.5429174304008484,0.41105222702026367,0.37876784801483154,0.5776990652084351,0.328004390001297,0.654853343963623,0.08612552285194397,0.5563285946846008,0.28352034091949463,0.41175326704978943,0.42275139689445496,0.5695360898971558,0.4836042523384094,0.4174289107322693,0.6563703417778015,-0.09172143787145615,0.7138206958770752,0.4528804123401642,0.554684042930603,0.3465149402618408,0.3687361478805542,0.5035934448242188,0.5151607990264893,0.6566145420074463,0.4711325168609619,0.7099623680114746,0.3865811824798584,0.574129581451416,0.5695462226867676,0.3078271150588989,0.09862750768661499,0.27070581912994385,0.5296046733856201,0.37566715478897095,0.605690062046051,0.4941043555736542,0.372811883687973,0.37586918473243713,0.4337279498577118,0.1070360541343689,0.12049543112516403,0.23136018216609955,0.22879000008106232,0.2763342559337616,0.37084028124809265,0.3287157416343689,0.3017049729824066,0.26450493931770325,0.10711812973022461,0.602310836315155,0.5426155924797058,0.32752785086631775,0.35767874121665955,0.31057170033454895,0.6009070873260498,0.32697200775146484,0.48959922790527344,0.45515528321266174,0.1891551911830902,0.39860162138938904,0.49717453122138977,0.3687502443790436,0.37417998909950256,0.3726957142353058,0.4517833888530731,0.39261624217033386,0.4249778091907501,0.2988710105419159,0.5309932827949524,0.4139116108417511,0.4828859865665436,0.37187930941581726,0.5344682335853577,0.36652517318725586,0.22987854480743408,0.42020171880722046,0.49998024106025696,0.43356549739837646,0.5101503729820251,0.27673277258872986,0.3592412769794464,0.5076814889907837,0.4365808963775635,0.27337998151779175,0.5004635453224182,0.41799551248550415,0.31185558438301086,0.4756337106227875,0.460836797952652,0.36550894379615784,0.23554842174053192,0.5548454523086548,0.28002122044563293,0.354412704706192,0.527469277381897,0.35834580659866333,0.4711820185184479
Al-Araf,0.3886609375476837,-0.1307009905576706,-0.017460301518440247,-0.2405257523059845,-0.01657785102725029,0.5904256701469421,0.0,-0.07073932141065598,-0.18158453702926636,0.6367205381393433,0.7383875250816345,0.46224913001060486,0.15361078083515167,0.5731322169303894,0.6311826109886169,0.2921614944934845,0.3628188371658325,0.6855030059814453,0.587078869342804,0.6421329379081726,0.7421525120735168,0.12709449231624603,0.6315142512321472,-0.11592262238264084,0.3294975757598877,0.6720379590988159,0.6151058077812195,0.7362782955169678,0.4975135922431946,0.3576989769935608,0.17578521370887756,0.5969790816307068,-0.1036374643445015,0.38049840927124023,0.15586696565151215,0.544653058052063,0.6141082644462585,0.45621493458747864,0.21819144487380981,0.5344189405441284,0.472758412361145,0.09764473140239716,0.6031849384307861,0.5205920338630676,0.45933660864830017,0.5734222531318665,0.13512013852596283,-0.014320672489702702,0.0466153547167778,0.4881162643432617,0.6159504652023315,0.42776238918304443,0.24729713797569275,0.6076707243919373,0.3612152934074402,0.33992791175842285,-0.05397758632898331,0.0005627224454656243,0.17309638857841492,0.11238743364810944,0.28878864645957947,0.21096092462539673,0.1592862755060196,0.22563536465168,0.211742103099823,0.351713091135025,0.33013230562210083,0.6461912989616394,0.3948860764503479,0.2698231637477875,0.4974246919155121,0.5103862881660461,0.25577229261398315,0.3226437568664551,0.4347578287124634,0.33091428875923157,0.5101790428161621,0.3925454020500183,0.4246165454387665,0.3064155876636505,0.2915407121181488,0.366174578666687,0.41703659296035767,0.5041293501853943,0.27761706709861755,0.24666620790958405,0.3559214174747467,0.4114435911178589,0.40026941895484924,0.41420745849609375,0.40504711866378784,0.1689797341823578,0.4075165390968323,0.4368070662021637,0.3714311420917511,0.39606961607933044,0.12941288948059082,0.3573073446750641,0.40126320719718933,0.2988632917404175,0.1861170381307602,0.4773538410663605,0.2944476306438446,0.23013217747211456,0.5155067443847656,0.44989022612571716,0.30390411615371704,0.34241628646850586,0.44316455721855164,0.23486699163913727,0.3868173360824585,0.39417630434036255,0.28846001625061035,0.34045788645744324
Al-Anfal,0.2292100340127945,0.5811785459518433,0.768782377243042,0.686019241809845,0.7248923182487488,0.038913704454898834,-0.07073932141065598,0.0,0.8573483824729919,0.16995736956596375,-0.028392799198627472,-0.06085927039384842,0.47081777453422546,0.2638869881629944,-0.03807694464921951,0.45970672369003296,0.027502020820975304,-0.01837950199842453,-0.13855862617492676,-0.1710691899061203,-0.07323633879423141,0.6938924789428711,0.18464255332946777,0.7883419394493103,0.20792490243911743,0.094574935734272,0.09744421392679214,-0.01989729143679142,0.4280521273612976,0.5281103849411011,0.4644792973995209,0.3774155080318451,0.7106766700744629,0.3392757177352905,0.5642220973968506,0.19889989495277405,0.11134868860244751,-0.012183071114122868,0.4504499137401581,0.3776143193244934,0.41851645708084106,0.45461735129356384,0.2208876758813858,0.29417160153388977,0.5314280390739441,0.49872007966041565,0.7337064146995544,0.7763968110084534,0.7306545376777649,0.09738652408123016,0.23526209592819214,0.2766043543815613,0.27115803956985474,0.1694672405719757,0.14514745771884918,0.3655856251716614,0.7432541251182556,0.8060731291770935,0.8775768280029297,0.7129845023155212,0.6793083548545837,0.6879085302352905,0.7996832728385925,0.7080965042114258,0.5887081623077393,0.4868326783180237,0.3658018410205841,0.3954155743122101,0.35860827565193176,0.5472561717033386,0.36099615693092346,0.3709893822669983,0.5457079410552979,0.4727209508419037,0.28216227889060974,0.3783722221851349,0.3410484492778778,0.28297391533851624,0.3068113923072815,0.372978150844574,0.3853953182697296,0.46186915040016174,0.5085695385932922,0.4031210243701935,0.6344369053840637,0.44843679666519165,0.3896329998970032,0.5167088508605957,0.4035749137401581,0.397347629070282,0.5027304887771606,0.40580621361732483,0.3108874261379242,0.3380570411682129,0.3827489912509918,0.3655644953250885,0.3735775351524353,0.6636683940887451,0.4735627770423889,0.5266058444976807,0.4937731921672821,0.40763330459594727,0.5217085480690002,0.4949698746204376,0.47858282923698425,0.4738805890083313,0.6548524498939514,0.4657508134841919,0.48069921135902405,0.4681053161621094,0.48559606075286865,0.4549484848976135,0.41083574295043945,0.406074583530426
At-Tawbah,0.11274886131286621,0.6270203590393066,0.7622243165969849,0.7271890044212341,0.70391446352005,-0.07695312798023224,-0.18158453702926636,0.8573483824729919,0.0,0.03213178366422653,-0.12513746321201324,-0.07598128169775009,0.41533297300338745,0.11080092936754227,-0.2821305990219116,0.37964099645614624,-0.13197176158428192,-0.14612044394016266,-0.20529399812221527,-0.2905639111995697,-0.20736385881900787,0.5602185130119324,0.0649091973900795,0.7454522848129272,0.11203833669424057,-0.10227259248495102,-0.022852858528494835,-0.10518167912960052,0.27934545278549194,0.4367435872554779,0.3353480398654938,0.14791133999824524,0.7342100739479065,0.1740405261516571,0.47619521617889404,0.057317785918712616,-0.007281890604645014,-0.23192480206489563,0.29172512888908386,0.27952802181243896,0.2096933126449585,0.36306241154670715,0.06767817586660385,0.07485736906528473,0.42623063921928406,0.3757658898830414,0.7371587157249451,0.7549014091491699,0.6264160871505737,-0.05286179110407829,0.11987465620040894,0.20232850313186646,0.23711930215358734,-0.007731408812105656,-0.04993031173944473,0.1496860533952713,0.7017601728439331,0.8335057497024536,0.7884770035743713,0.6282566785812378,0.6356675624847412,0.49642130732536316,0.7057666778564453,0.6287450790405273,0.5668061971664429,0.407744824886322,0.22030073404312134,0.23187026381492615,0.20079989731311798,0.4607813358306885,0.21706874668598175,0.30220654606819153,0.3607686161994934,0.39274346828460693,0.10835803300142288,0.26354917883872986,0.11243327707052231,0.06775185465812683,0.1591770499944687,0.30150672793388367,0.20198610424995422,0.24958421289920807,0.35013535618782043,0.2481587827205658,0.500939130783081,0.2934662699699402,0.261422723531723,0.3750125765800476,0.22331124544143677,0.33145973086357117,0.3775782883167267,0.3514127731323242,0.16124257445335388,0.18927842378616333,0.2051103711128235,0.20385953783988953,0.26052433252334595,0.6139575242996216,0.3307490050792694,0.3520081639289856,0.37629297375679016,0.21114295721054077,0.4521958529949188,0.38000038266181946,0.33179885149002075,0.40502646565437317,0.5132781863212585,0.30547142028808594,0.31520727276802063,0.3559594750404358,0.3843846917152405,0.35117200016975403,0.2751240134239197,0.2742294371128082
Yunus,0.5302048921585083,-0.03934326395392418,0.1797792911529541,-0.10855641216039658,0.12226581573486328,0.78205806016922,0.6367205381393433,0.16995736956596375,0.03213178366422653,0.0,0.6827568411827087,0.17751151323318481,0.5261545181274414,0.5893527269363403,0.5430888533592224,0.5337424874305725,0.41173362731933594,0.5398077964782715,0.3874281048774719,0.4892955720424652,0.5999246835708618,0.4193546772003174,0.6681444048881531,0.10059083253145218,0.5919619798660278,0.4385182559490204,0.4761744439601898,0.5202604532241821,0.7514380216598511,0.5457860827445984,0.4760330319404602,0.7981758117675781,-0.0850977674126625,0.7625537514686584,0.455213725566864,0.5726091861724854,0.4345587491989136,0.4683745205402374,0.6337708234786987,0.7448368668556213,0.8027685880661011,0.466616690158844,0.6745194792747498,0.5115963220596313,0.7169062495231628,0.746448278427124,0.3298117518424988,0.1228160411119461,0.29337024688720703,0.6251752376556396,0.45296841859817505,0.5942158699035645,0.4587145149707794,0.5493596792221069,0.41054677963256836,0.4895528554916382,0.1597604751586914,0.17336110770702362,0.32304781675338745,0.3338620066642761,0.47356393933296204,0.43519625067710876,0.4704648554325104,0.44908392429351807,0.25535234808921814,0.20440268516540527,0.6725946068763733,0.6302112340927124,0.46713829040527344,0.4345322847366333,0.43284520506858826,0.6196906566619873,0.40435928106307983,0.5590333938598633,0.5810341835021973,0.2796284258365631,0.6005927324295044,0.5762721300125122,0.4803237020969391,0.40626078844070435,0.43340930342674255,0.5867716073989868,0.6016359329223633,0.5856753587722778,0.46365925669670105,0.551289975643158,0.49128538370132446,0.5702500343322754,0.4997763931751251,0.5407488346099854,0.40408268570899963,0.3391213119029999,0.43607044219970703,0.4374653995037079,0.5654273629188538,0.5162926912307739,0.3233548104763031,0.4956296980381012,0.6146177053451538,0.48643773794174194,0.3934616446495056,0.6781318783760071,0.4758981168270111,0.44629624485969543,0.45928165316581726,0.5008986592292786,0.4322063624858856,0.2398308664560318,0.6264324188232422,0.3892841935157776,0.4008331298828125,0.5920054912567139,0.4209458529949188,0.5097768306732178
Hud,0.4777982831001282,-0.11011265963315964,0.07833733409643173,-0.16990455985069275,0.047136593610048294,0.5545260906219482,0.7383875250816345,-0.028392799198627472,-0.12513746321201324,0.6827568411827087,0.0,0.5532041192054749,0.24635529518127441,0.6094624996185303,0.661311149597168,0.27492833137512207,0.3719716966152191,0.6448649764060974,0.6164790391921997,0.6866421103477478,0.6697949767112732,0.16684827208518982,0.6640210747718811,-0.036216359585523605,0.2971377372741699,0.6807717084884644,0.5810893177986145,0.6419206857681274,0.656326949596405,0.23321688175201416,0.40501654148101807,0.5951136350631714,-0.012066819705069065,0.5130451917648315,0.23479953408241272,0.48725566267967224,0.6066725254058838,0.619056224822998,0.3082030415534973,0.5971190333366394,0.6003817319869995,0.2065851390361786,0.6375690698623657,0.5841786861419678,0.49936848878860474,0.5869802832603455,0.05702235549688339,-0.031361281871795654,0.12667401134967804,0.6158857941627502,0.6926255226135254,0.44750338792800903,0.40840449929237366,0.67960524559021,0.46351325511932373,0.31129878759384155,-0.008270175196230412,0.055109549313783646,0.214337557554245,0.25578784942626953,0.37945041060447693,0.26379284262657166,0.290166974067688,0.3954554498195648,0.18087564408779144,0.3999185562133789,0.42837461829185486,0.6404321789741516,0.43461453914642334,0.39396554231643677,0.6304165720939636,0.5407756567001343,0.3156684935092926,0.43641552329063416,0.4675788879394531,0.30230313539505005,0.4059104919433594,0.4270414113998413,0.5017523169517517,0.3864518702030182,0.4290587902069092,0.4352019131183624,0.3766276240348816,0.4656312167644501,0.4239133298397064,0.40968045592308044,0.4403543174266815,0.448878675699234,0.583072304725647,0.4280936121940613,0.4142167866230011,0.28482916951179504,0.4303925931453705,0.4927496314048767,0.4187134802341461,0.49247127771377563,0.27670809626579285,0.4481770098209381,0.34666040539741516,0.36687546968460083,0.21932415664196014,0.5025196671485901,0.45006200671195984,0.24730484187602997,0.4321655333042145,0.49505528807640076,0.37601083517074585,0.395901083946228,0.5232223868370056,0.42930594086647034,0.479511022567749,0.5427553057670593,0.4046497642993927,0.48558467626571655
Yusuf,0.2310052216053009,0.08405818790197372,0.05722414702177048,-0.08058281987905502,0.021479660645127296,0.2118002325296402,0.46224913001060486,-0.06085927039384842,-0.07598128169775009,0.17751151323318481,0.5532041192054749,0.0,-0.07254025340080261,0.4825526475906372,0.42082974314689636,0.07750076800584793,0.36519333720207214,0.6058130860328674,0.6473228335380554,0.6199731230735779,0.5646345019340515,0.04201165959239006,0.3897172212600708,-0.011869755573570728,0.010282753966748714,0.5778546929359436,0.7141170501708984,0.6640225052833557,0.18976864218711853,0.08425980061292648,0.3445395827293396,0.2728152573108673,0.137772798538208,0.16374149918556213,0.15262675285339355,0.4536048471927643,0.5123171806335449,0.5531740784645081,0.0946507528424263,0.247592955827713,0.18285174667835236,0.008389534428715706,0.42165932059288025,0.33907389640808105,0.2192957103252411,0.34972336888313293,-0.06611589342355728,0.05007452145218849,0.20294351875782013,0.39921849966049194,0.4968452751636505,0.20554973185062408,0.43543365597724915,0.4281995892524719,0.3613361716270447,0.1506606489419937,0.010866057127714157,0.16408726572990417,0.16534732282161713,0.07761341333389282,0.3148960769176483,0.18717816472053528,0.20944663882255554,0.3036092221736908,0.20768678188323975,0.47024238109588623,0.26633837819099426,0.5420388579368591,0.4099542498588562,0.23834656178951263,0.5372068881988525,0.315895140171051,0.29466408491134644,0.37768852710723877,0.5087663531303406,0.21728207170963287,0.22947342693805695,0.18995267152786255,0.452594518661499,0.4349507987499237,0.4623737931251526,0.3418480157852173,0.20980635285377502,0.3977602422237396,0.2616100311279297,0.33281612396240234,0.42976102232933044,0.33826395869255066,0.4982634484767914,0.32121482491493225,0.43380600214004517,0.2940967381000519,0.44709908962249756,0.42734289169311523,0.31492292881011963,0.5251347422599792,0.25065070390701294,0.1750805675983429,0.2650659680366516,0.3685830235481262,0.22617287933826447,0.3562179207801819,0.4102005362510681,0.28845521807670593,0.3976510763168335,0.3474856913089752,0.2959732115268707,0.43377983570098877,0.39278000593185425,0.35298997163772583,0.48833346366882324,0.42753300070762634,0.37434807419776917,0.33838117122650146
Ar-Rad,0.45749327540397644,0.19365441799163818,0.3578750789165497,0.36643221974372864,0.2880963981151581,0.542335033416748,0.15361078083515167,0.47081777453422546,0.41533297300338745,0.5261545181274414,0.24635529518127441,-0.07254025340080261,0.0,0.5002150535583496,0.2773808240890503,0.7704931497573853,0.4653003513813019,0.3060234785079956,0.3130023181438446,0.17264509201049805,0.26648789644241333,0.7806341052055359,0.47214293479919434,0.561342179775238,0.8049241304397583,0.04716534540057182,0.29721567034721375,0.13093425333499908,0.6120197176933289,0.7588362693786621,0.7223595380783081,0.6882444024085999,0.36441460251808167,0.7386125326156616,0.7874730229377747,0.5301194190979004,0.2865167260169983,0.3651454746723175,0.7809165120124817,0.6038850545883179,0.7190814018249512,0.8269351124763489,0.5145063996315002,0.5468471646308899,0.7645753026008606,0.4983730614185333,0.6402018666267395,0.616389274597168,0.4956466853618622,0.5795462131500244,0.3843739330768585,0.6406673192977905,0.7379979491233826,0.3950427770614624,0.44665035605430603,0.6334887742996216,0.6717758774757385,0.5299868583679199,0.6644920110702515,0.46350929141044617,0.47278574109077454,0.6523210406303406,0.5083714723587036,0.6346588730812073,0.6826918721199036,0.3133186101913452,0.7942450046539307,0.46428370475769043,0.5820664763450623,0.706484854221344,0.413961797952652,0.7275152802467346,0.6651526689529419,0.7129806280136108,0.5897064805030823,0.6017940640449524,0.48803597688674927,0.7364698648452759,0.6055468916893005,0.6964495182037354,0.620182991027832,0.6916325688362122,0.5252615809440613,0.6735174059867859,0.6861698031425476,0.7436967492103577,0.6815021634101868,0.7432451844215393,0.5845237970352173,0.739687979221344,0.6115798950195312,0.6313315033912659,0.47314563393592834,0.5866363644599915,0.5662878751754761,0.6439007520675659,0.6428982019424438,0.6349124908447266,0.7271477580070496,0.7179691195487976,0.7307444214820862,0.604614794254303,0.6780351996421814,0.7203729152679443,0.6672145128250122,0.6699712872505188,0.6943079233169556,0.4230201542377472,0.6326707005500793,0.5559773445129395,0.6202904582023621,0.7266608476638794,0.6279035806655884,0.699063777923584
Ibrahim,0.6267199516296387,0.02856496162712574,0.23415230214595795,-0.0007110977312549949,0.17256517708301544,0.486266553401947,0.5731322169303894,0.2638869881629944,0.11080092936754227,0.5893527269363403,0.6094624996185303,0.4825526475906372,0.5002150535583496,0.0,0.562961757183075,0.37493154406547546,0.5487326383590698,0.6509852409362793,0.6601248383522034,0.7173714637756348,0.5896704196929932,0.501509428024292,0.6123063564300537,0.24881990253925323,0.510292649269104,0.5832010507583618,0.5692514777183533,0.6751641035079956,0.5379956364631653,0.6058530807495117,0.6429940462112427,0.7647102475166321,0.2752945125102997,0.6038655638694763,0.5060411095619202,0.6649051308631897,0.5136741399765015,0.6770006418228149,0.6162074208259583,0.760602593421936,0.6942554712295532,0.49468767642974854,0.6940975189208984,0.7060620188713074,0.7325048446655273,0.538547933101654,0.3506987690925598,0.39515817165374756,0.3612578809261322,0.7332632541656494,0.6127737164497375,0.4882512092590332,0.49945321679115295,0.7225995063781738,0.6722823977470398,0.5355256199836731,0.4620317220687866,0.2961620092391968,0.49896636605262756,0.389799028635025,0.5687873363494873,0.4551202654838562,0.47258448600769043,0.6039494872093201,0.5526366829872131,0.6140932440757751,0.6296411752700806,0.6468863487243652,0.6810358166694641,0.5883903503417969,0.7308863401412964,0.6675440073013306,0.6309086680412292,0.6618269681930542,0.7424939870834351,0.6223633885383606,0.6047434210777283,0.6932818293571472,0.6992615461349487,0.6549833416938782,0.6441822052001953,0.6761986017227173,0.525005042552948,0.7154563665390015,0.5866615772247314,0.5709821581840515,0.7157768607139587,0.7158383131027222,0.736305832862854,0.6373537182807922,0.5936192870140076,0.5502027869224548,0.608370840549469,0.715355396270752,0.5379446148872375,0.6390713453292847,0.48668092489242554,0.5274277925491333,0.6369155049324036,0.6372997760772705,0.6194895505905151,0.6532195210456848,0.5985368490219116,0.6873151063919067,0.6575650572776794,0.6522951722145081,0.6022558212280273,0.6104835271835327,0.7230977416038513,0.5904507637023926,0.7300787568092346,0.6511528491973877,0.5302385687828064,0.6210347414016724
Al-Hijr,0.4630429744720459,-0.17759867012500763,-0.08339376002550125,-0.18398767709732056,-0.06086764112114906,0.47493454813957214,0.6311826109886169,-0.03807694464921951,-0.2821305990219116,0.5430888533592224,0.661311149597168,0.42082974314689636,0.2773808240890503,0.562961757183075,0.0,0.22856193780899048,0.670829176902771,0.6777139902114868,0.7439303994178772,0.7321664690971375,0.8215315341949463,0.18401040136814117,0.7049933075904846,-0.08687402307987213,0.5681065917015076,0.8034308552742004,0.6852107644081116,0.5954371690750122,0.5724086165428162,0.29809901118278503,0.3678090572357178,0.6879571080207825,-0.07297486066818237,0.6451698541641235,0.3217225670814514,0.7351176142692566,0.7395601868629456,0.7735710740089417,0.3233520984649658,0.40427467226982117,0.6284877061843872,0.22963947057724,0.7504587769508362,0.7816615700721741,0.4661751091480255,0.5402507781982422,-0.038857851177453995,-0.009639367461204529,0.11055319756269455,0.7926842570304871,0.7705446481704712,0.522742509841919,0.4327338933944702,0.8181545734405518,0.6062043905258179,0.6216871738433838,-0.0034148094709962606,-0.03489682450890541,0.22054891288280487,0.11860857903957367,0.22128719091415405,0.3646988570690155,0.15971632301807404,0.22998370230197906,0.15715187788009644,0.3113008141517639,0.5511295199394226,0.6510547995567322,0.619709849357605,0.3852270245552063,0.6081691980361938,0.55723637342453,0.43301331996917725,0.44205009937286377,0.5914116501808167,0.45505180954933167,0.6918323636054993,0.6779381632804871,0.6500844359397888,0.4004375636577606,0.6216093897819519,0.6218038201332092,0.49080827832221985,0.5867939591407776,0.4870153069496155,0.47992122173309326,0.5449575781822205,0.5656321048736572,0.6271460056304932,0.5076552629470825,0.5773221850395203,0.2824089229106903,0.4525945782661438,0.5823604464530945,0.561894416809082,0.5739700198173523,0.4924078583717346,0.31195375323295593,0.43375855684280396,0.4645603895187378,0.36515912413597107,0.6118504405021667,0.3891730010509491,0.38225308060646057,0.585818350315094,0.47921299934387207,0.4590066373348236,0.43958139419555664,0.5770249366760254,0.3407345712184906,0.49124404788017273,0.5343089699745178,0.4714725613594055,0.5186991691589355
