Books,Al-Fatiha,Al-Baqarah,Al Imran,An-Nisa,Al-Maidah,Al-Anam,Al-Araf,Al-Anfal,At-Tawbah,Yunus,Hud,Yusuf,Ar-Rad,Ibrahim,Al-Hijr,An-Nahl,Al-Isra,Al-Kahf,Maryam,Ta-Ha,Al-Anbiya,Al-Hajj,Al-Muminun,An-Nur,Al-Furqan,Ash-Shuara,An-Naml,Al-Qasas,Al-Ankabut,Ar-Rum,Luqmaan,As-Sajda,Al-Ahzaab,Saba (surah),Faatir,Yaseen,As-Saaffaat,Saad,Az-Zumar,Ghafir,Fussilat,Ash_Shooraa,Az-Zukhruf,Ad-Dukhaan,Al-Jaathiyah,Al-Ahqaaf,Muhammad,Al-Fath,Al-Hujuraat,Qaaf,Adh-Dhaariyaat,At-Toor,An-Najm,Al-Qamar,Ar-Rahman,Al-Waqia,Al-Hadeed,Al-Mujadila,Al-Hashr,Al-Mumtahanah,As-Saff,Al-Jumuah,Al-Munafiqoon,At-Taghabun,At-Talaq,At-Tahreem,Al-Mulk,Al-Qalam,Al-Haaqqa,Al-Maaarij,Nooh,Al-Jinn,Al-Muzzammil,Al-Muddaththir,Al-Qiyamah,Al-Insaan,Al-Mursalaat,An-Naba,An-Naaziaat,Abasa,At-Takweer,Al-Infitar,Al-Mutaffifeen,Al-Inshiqaaq,Al-Burooj,At-Taariq,Al-Alaa,Al-Ghaashiyah,Al-Fajr,Al-Balad,Ash-Shams,Al-Layl,Ad-Dhuha,Ash-Sharh,At-Teen,Al-Alaq,Al-Qadr,Al-Bayyinahh,Az-Zalzalah,Al-Aadiyaat,Al-Qaariah,At-Takaathur,Al-Asr,Al-Humazah,Al-Feel,Quraysh,Al-Maaoon,Al-Kawthar,Al-Kaafiroon,An-Nasr,Al-Masad,Al-Ikhlaas,Al-Falaq,Al-Naas
Book document vector lengths,1.6112022,12.82317,8.857952,16.014633,10.353799,9.607171,9.734443,9.954889,13.543163,8.657102,9.432278,12.436931,7.237947,5.707796,7.25314,7.78237,7.45603,9.46796,8.63437,10.463289,8.267856,7.511662,7.494251,10.315389,7.0879803,9.893417,7.450639,9.003013,6.906793,7.563626,6.9290648,5.8076997,10.793842,7.0951343,6.815922,6.8707128,9.365605,8.226882,8.20165,7.6727405,6.355825,7.436368,7.1686735,5.725396,6.549475,6.5064135,7.7550783,8.110962,6.177608,5.842473,5.225691,5.5261436,5.7764606,7.8738894,11.49813,7.5737514,7.175058,6.5207515,5.6286254,6.05267,4.7518725,3.9234157,4.294521,5.5652223,6.147184,4.7121534,5.0547433,4.9945164,4.728555,4.457562,3.8368793,3.9687486,4.817299,5.1792097,5.0809135,5.8992014,6.0568514,5.264017,4.770938,4.394509,3.4551454,3.1225798,4.532347,2.6819103,2.9394536,2.8522663,3.1314669,3.5365841,3.646531,2.670292,2.162321,2.9531162,2.0318997,1.5685029,1.3295254,2.8382552,1.1922654,2.6910024,1.5475975,1.9360983,2.1368966,1.9110241,0.71500146,2.1548476,1.5205181,1.2741455,1.4075279,0.64793855,0.9796498,0.9464228,1.8730569,0.736384,1.1334236,1.0043666
Book sum of word vector lengths,697.065625846386,108732.6900805831,63171.96527823806,63295.577197909355,50324.315242528915,56547.41556149721,61900.970086067915,21675.99083480239,44424.32656621933,33187.86588254571,34919.13226902485,30932.856727808714,15259.511234879494,15280.58731880784,12515.608272910118,33629.065314382315,28070.76697677374,28518.230298876762,17641.661452800035,25457.893911778927,21513.572482407093,22150.083269000053,19685.676307618618,22800.224070191383,16791.66261303425,25257.8961699605,21141.07469305396,26229.69152599573,18709.052642583847,14974.308908432722,9196.968055725098,6896.205117285252,22308.065488278866,15956.257300198078,13869.31327933073,13638.17496868968,17074.92768356204,13377.616926938295,22083.87224635482,22013.391750067472,15006.916978597641,15106.02449515462,16169.076194345951,6215.204326450825,9431.547267913818,11322.448870003223,10592.232755750418,10290.318859368563,5822.277751356363,6436.411121547222,6748.122466593981,5914.464495807886,6502.501431494951,6358.039714097977,7170.4994385540485,6801.420648008585,11053.953553587198,8425.611526459455,8366.054774820805,6071.242605984211,3800.8294697105885,2784.5870884656906,3329.98585742712,4736.315510183573,5067.07571208477,4160.080081343651,5981.047043859959,5708.40248554945,4908.184829711914,4264.435536116362,3909.414191812277,4912.322486549616,3227.937889635563,4373.2235061228275,3097.272057801485,4148.058299958706,3589.1620288789272,3220.4309726953506,3745.2187953591347,2648.8388587236404,1824.9715318977833,1582.1131807863712,3129.396049886942,1989.7979623675346,1929.3617224693298,1099.1250745654106,1263.6309023201466,1444.7502818703651,2517.0308093726635,1490.565403997898,1214.1521711349487,1609.0830456614494,1065.0354206562042,386.12309527397156,578.9867770075798,1219.044628739357,403.4652897119522,1597.8745226264,759.2347702383995,758.7871802449226,680.0806323289871,552.5776952505112,259.65964221954346,515.6858008503914,346.0622038245201,282.76525861024857,414.32120901346207,217.41084310412407,467.84238719940186,319.83260440826416,290.9614669084549,220.30260699987411,418.92295810580254,319.0621269643307

Similarity matrix,Al-Fatiha,Al-Baqarah,Al Imran,An-Nisa,Al-Maidah,Al-Anam,Al-Araf,Al-Anfal,At-Tawbah,Yunus,Hud,Yusuf,Ar-Rad,Ibrahim,Al-Hijr,An-Nahl,Al-Isra,Al-Kahf,Maryam,Ta-Ha,Al-Anbiya,Al-Hajj,Al-Muminun,An-Nur,Al-Furqan,Ash-Shuara,An-Naml,Al-Qasas,Al-Ankabut,Ar-Rum,Luqmaan,As-Sajda,Al-Ahzaab,Saba (surah),Faatir,Yaseen,As-Saaffaat,Saad,Az-Zumar,Ghafir,Fussilat,Ash_Shooraa,Az-Zukhruf,Ad-Dukhaan,Al-Jaathiyah,Al-Ahqaaf,Muhammad,Al-Fath,Al-Hujuraat,Qaaf,Adh-Dhaariyaat,At-Toor,An-Najm,Al-Qamar,Ar-Rahman,Al-Waqia,Al-Hadeed,Al-Mujadila,Al-Hashr,Al-Mumtahanah,As-Saff,Al-Jumuah,Al-Munafiqoon,At-Taghabun,At-Talaq,At-Tahreem,Al-Mulk,Al-Qalam,Al-Haaqqa,Al-Maaarij,Nooh,Al-Jinn,Al-Muzzammil,Al-Muddaththir,Al-Qiyamah,Al-Insaan,Al-Mursalaat,An-Naba,An-Naaziaat,Abasa,At-Takweer,Al-Infitar,Al-Mutaffifeen,Al-Inshiqaaq,Al-Burooj,At-Taariq,Al-Alaa,Al-Ghaashiyah,Al-Fajr,Al-Balad,Ash-Shams,Al-Layl,Ad-Dhuha,Ash-Sharh,At-Teen,Al-Alaq,Al-Qadr,Al-Bayyinahh,Az-Zalzalah,Al-Aadiyaat,Al-Qaariah,At-Takaathur,Al-Asr,Al-Humazah,Al-Feel,Quraysh,Al-Maaoon,Al-Kawthar,Al-Kaafiroon,An-Nasr,Al-Masad,Al-Ikhlaas,Al-Falaq,Al-Naas
Al-Fatiha,0.0,0.2580038607120514,0.46866312623023987,0.22599539160728455,0.3832545280456543,0.426025390625,0.4841606318950653,0.15539368987083435,0.12760381400585175,0.4681490957736969,0.5512802004814148,0.35770973563194275,0.4626375138759613,0.6943200826644897,0.47073894739151,0.3146674335002899,0.5942505598068237,0.29216310381889343,0.6402062177658081,0.41377130150794983,0.4364468455314636,0.46688327193260193,0.45246851444244385,0.38762348890304565,0.532916247844696,0.49423572421073914,0.4845353364944458,0.5181425213813782,0.56307053565979,0.4157356023788452,0.6789901852607727,0.47334229946136475,0.348656564950943,0.5342972874641418,0.5287719964981079,0.3750414252281189,0.4710109233856201,0.572327196598053,0.5949788689613342,0.65977543592453,0.5523247718811035,0.5897615551948547,0.533855676651001,0.4778776466846466,0.460237056016922,0.6171884536743164,0.26962849497795105,0.3936312198638916,0.5444185137748718,0.4957221448421478,0.46542486548423767,0.4887222647666931,0.41536107659339905,0.4026024341583252,0.410239040851593,0.28846475481987,0.4563506543636322,0.437532514333725,0.47527164220809937,0.49467653036117554,0.6473601460456848,0.6610609292984009,0.4802534878253937,0.612080991268158,0.47951433062553406,0.7160682082176208,0.4301724135875702,0.43229734897613525,0.4815012216567993,0.575332760810852,0.7563413977622986,0.6225308775901794,0.6606122851371765,0.5243433713912964,0.5638988018035889,0.4981018602848053,0.4182787239551544,0.6023784279823303,0.5554571747779846,0.578090488910675,0.5713558793067932,0.5327378511428833,0.447266161441803,0.5382567644119263,0.5271209478378296,0.5276960134506226,0.7199806571006775,0.5635706782341003,0.670737087726593,0.5799282193183899,0.6135950088500977,0.6136470437049866,0.5172020792961121,0.6569199562072754,0.4873718023300171,0.6126466989517212,0.5985603332519531,0.5735613703727722,0.43627217411994934,0.5686286687850952,0.5319213271141052,0.4317249357700348,0.5292379856109619,0.6370018124580383,0.6251347064971924,0.6421056389808655,0.6584225296974182,0.7144199013710022,0.582671582698822,0.7214309573173523,0.694703221321106,0.6056635975837708,0.5043598413467407,0.7642728090286255
Al-Baqarah,0.2580038607120514,0.0,0.6499967575073242,0.6787760853767395,0.6269097328186035,0.14396579563617706,0.038293205201625824,0.5700486302375793,0.581993818283081,0.15731868147850037,-0.1614862084388733,0.029195740818977356,0.2978573441505432,0.21449661254882812,-0.05085721239447594,0.4143000543117523,0.17850619554519653,0.03951399028301239,-0.02565051056444645,-0.03652900829911232,-0.1925986111164093,0.4525141716003418,-0.00933720450848341,0.693856418132782,0.1352963000535965,-0.05576223507523537,0.08375491201877594,0.13923941552639008,0.035299621522426605,0.4686374366283417,0.4417334198951721,0.12298612296581268,0.647904634475708,0.08359803259372711,0.5069204568862915,0.13008686900138855,-0.16094017028808594,-0.11335477977991104,0.1403864324092865,0.04757697135210037,0.07968136668205261,0.34456145763397217,0.014651878736913204,-0.006593609228730202,0.31781187653541565,0.1472337543964386,0.45478060841560364,0.5774046182632446,0.58097904920578,0.05285518616437912,0.11222880333662033,0.1259496808052063,0.24965578317642212,-0.20825894176959991,0.09655445069074631,0.0990280881524086,0.5851445198059082,0.6199049353599548,0.45811396837234497,0.5786443948745728,0.5769656300544739,0.4468330442905426,0.5077232718467712,0.5318724513053894,0.6709619760513306,0.40411725640296936,0.21284526586532593,0.012405415996909142,-0.018994556739926338,0.2759498953819275,0.24246251583099365,0.26765620708465576,0.32869216799736023,0.30102646350860596,0.21603408455848694,0.26024436950683594,0.1987268179655075,0.1945115178823471,0.13871824741363525,0.3323363959789276,0.33839285373687744,0.3047509491443634,0.16307838261127472,0.22956545650959015,0.2934022545814514,0.23982805013656616,0.32272398471832275,0.330064982175827,0.2116294950246811,0.410997599363327,0.3185933530330658,0.2676715552806854,0.5258535742759705,0.46236416697502136,0.1605704128742218,0.2801384925842285,0.3417634665966034,0.4391302168369293,0.24254518747329712,0.2559831738471985,0.26783448457717896,0.20013119280338287,0.3380367159843445,0.2799929678440094,0.2993912100791931,0.3886094093322754,0.4456385374069214,0.30853351950645447,0.23240795731544495,0.457024484872818,0.3275657296180725,0.2415371537208557,0.13557136058807373,0.35093948245048523
Al Imran,0.46866312623023987,0.6499967575073242,0.0,0.6257248520851135,0.7532511353492737,0.3192322254180908,0.11400291323661804,0.7053554058074951,0.6865814328193665,0.38659948110580444,0.08129137754440308,0.04123333469033241,0.3619229197502136,0.33992889523506165,0.033011000603437424,0.34708115458488464,0.13173621892929077,-0.007763520814478397,0.12463417649269104,0.016084056347608566,-0.04062245413661003,0.49817943572998047,0.10191777348518372,0.5524561405181885,0.2220536768436432,0.11687152832746506,0.08403465896844864,0.19392305612564087,0.35347652435302734,0.3473062515258789,0.4949718117713928,0.29977455735206604,0.739051878452301,0.26484110951423645,0.48681560158729553,0.09963224083185196,0.052128951996564865,0.1015351340174675,0.38260093331336975,0.4070512652397156,0.34656932950019836,0.4863007068634033,0.14880771934986115,0.12567366659641266,0.4725930094718933,0.4357995390892029,0.5719797015190125,0.698443591594696,0.6357282400131226,0.08074919879436493,0.13793949782848358,0.2026609182357788,0.26331615447998047,0.0026884747203439474,0.10854414850473404,0.06162630021572113,0.6163334250450134,0.6605896353721619,0.6898923516273499,0.6790645718574524,0.7458552122116089,0.6420443058013916,0.6566745638847351,0.7086505889892578,0.6352118253707886,0.5966634154319763,0.2596678137779236,0.12453411519527435,0.14567874372005463,0.39786282181739807,0.403251588344574,0.37020811438560486,0.32324907183647156,0.3704870045185089,0.17072884738445282,0.2036142498254776,0.14967770874500275,0.2669362723827362,0.27044904232025146,0.2772166430950165,0.4156113564968109,0.36158397793769836,0.3072706162929535,0.3581344783306122,0.5685666799545288,0.24936580657958984,0.35387203097343445,0.39859071373939514,0.29927510023117065,0.3869507312774658,0.348201721906662,0.46704262495040894,0.519679069519043,0.4791761636734009,0.34557443857192993,0.38502806425094604,0.3590924143791199,0.6857361197471619,0.22678975760936737,0.3598787188529968,0.3025932312011719,0.3758302330970764,0.41135546565055847,0.37115082144737244,0.4294654130935669,0.497354120016098,0.5164762735366821,0.42430731654167175,0.33608922362327576,0.5854241251945496,0.4254293143749237,0.4151579439640045,0.27115702629089355,0.5151359438896179
An-Nisa,0.22599539160728455,0.6787760853767395,0.6257248520851135,0.0,0.6497325897216797,0.016844594851136208,-0.22789010405540466,0.645797610282898,0.7337927222251892,0.026460476219654083,-0.20856155455112457,-0.07310327887535095,0.3239530622959137,0.04649418219923973,-0.08311350643634796,0.4234085977077484,0.2831650376319885,-0.05335886403918266,-0.06485103815793991,-0.22137503325939178,-0.24146628379821777,0.5184444189071655,-0.04475197568535805,0.7536707520484924,0.1594463288784027,-0.1484544277191162,-0.10307400673627853,-0.084430992603302,0.13507552444934845,0.3531942367553711,0.4074471592903137,0.12462520599365234,0.7849081158638,0.09002119302749634,0.50783771276474,0.06836799532175064,-0.09406189620494843,-0.1998920738697052,0.1392916589975357,-0.06903684884309769,0.07665462791919708,0.5084450244903564,-0.04455442354083061,0.07535503059625626,0.21065418422222137,0.03921692073345184,0.6051446795463562,0.6974133849143982,0.6108551025390625,-0.0821482241153717,-0.015184996649622917,0.16950646042823792,0.13655121624469757,-0.17831842601299286,0.10481671988964081,0.13451778888702393,0.5892980098724365,0.7261017560958862,0.5617787837982178,0.7689382433891296,0.5303164720535278,0.4269448518753052,0.5528687238693237,0.6074122786521912,0.6639031767845154,0.37873411178588867,0.20326770842075348,0.04944862052798271,-0.07285451889038086,0.3358708322048187,0.287752628326416,0.32374781370162964,0.3268266022205353,0.2688755989074707,0.11479490250349045,0.3191976845264435,0.04735890030860901,0.19566208124160767,0.008297239430248737,0.37841156125068665,0.22365739941596985,0.2620253264904022,0.02796558476984501,0.2510227560997009,0.3104771673679352,0.23941217362880707,0.30406904220581055,0.3633803725242615,0.17706559598445892,0.47649046778678894,0.20320680737495422,0.34721115231513977,0.6390848755836487,0.48178768157958984,0.2761877179145813,0.3560198247432709,0.26107239723205566,0.4773394763469696,0.1529650241136551,0.2153535783290863,0.24775946140289307,0.30332985520362854,0.3188289403915405,0.2861763536930084,0.33889704942703247,0.41775286197662354,0.39307788014411926,0.34607675671577454,0.2245631217956543,0.47071248292922974,0.3762279748916626,0.24570386111736298,0.14299024641513824,0.42170852422714233
Al-Maidah,0.3832545280456543,0.6269097328186035,0.7532511353492737,0.6497325897216797,0.0,0.2390085756778717,0.06046455726027489,0.6569861769676208,0.6795027852058411,0.26770633459091187,0.0008635721169412136,0.07129846513271332,0.28016960620880127,0.30252063274383545,0.07433609664440155,0.3784666657447815,0.19581761956214905,0.10325989872217178,0.10032839328050613,0.07375301420688629,-0.10866322368383408,0.4486497640609741,0.06448300927877426,0.6397850513458252,0.14126688241958618,0.1874665915966034,0.050312340259552,0.20005522668361664,0.2606710195541382,0.25970739126205444,0.41681429743766785,0.330410361289978,0.7544590830802917,0.14621640741825104,0.3732059597969055,0.10002607107162476,0.007765327114611864,0.01199515350162983,0.13974066078662872,0.22332832217216492,0.12190514802932739,0.34567058086395264,0.1057802066206932,0.14704357087612152,0.32616275548934937,0.41992253065109253,0.5441020131111145,0.7147594094276428,0.6975255608558655,0.0028850536327809095,0.12887123227119446,0.2627347409725189,0.16823294758796692,-0.04196152091026306,0.23755179345607758,0.14099901914596558,0.5592740178108215,0.6712573766708374,0.6108334064483643,0.7182550430297852,0.704279899597168,0.6123197078704834,0.6907921433448792,0.5973169207572937,0.6788793802261353,0.559326171875,0.11540766805410385,0.24049729108810425,0.23498466610908508,0.383691668510437,0.3725074529647827,0.43913397192955017,0.4200752377510071,0.335109144449234,0.20055285096168518,0.27496615052223206,0.3153984248638153,0.2748796045780182,0.1454501897096634,0.25585195422172546,0.29757097363471985,0.3236698806285858,0.3118245601654053,0.30954766273498535,0.5192310810089111,0.21331268548965454,0.3080689013004303,0.4071258008480072,0.28403031826019287,0.4218590557575226,0.2926231324672699,0.39768141508102417,0.5807846784591675,0.4922983944416046,0.35277390480041504,0.33297187089920044,0.4118284285068512,0.6335703730583191,0.14390729367733002,0.3326447904109955,0.27982795238494873,0.37496134638786316,0.5368335843086243,0.39190956950187683,0.43645694851875305,0.4772401750087738,0.5235123634338379,0.43332746624946594,0.408608078956604,0.49754804372787476,0.43807268142700195,0.23106686770915985,0.16758640110492706,0.5018049478530884
Al-Anam,0.426025390625,0.14396579563617706,0.3192322254180908,0.016844594851136208,0.2390085756778717,0.0,0.44714874029159546,0.15768057107925415,0.0649707093834877,0.5951686501502991,0.25866857171058655,0.1548217087984085,0.5553091168403625,0.4453158378601074,0.36933964490890503,0.6092755794525146,0.31185197830200195,0.37513622641563416,0.3425996005535126,0.3587493300437927,0.43835318088531494,0.41632458567619324,0.5124735832214355,0.10735791176557541,0.5646687746047974,0.2542239725589752,0.3360186517238617,0.3973866403102875,0.4364616274833679,0.5340051054954529,0.459535151720047,0.5165445804595947,0.087491475045681,0.5199100375175476,0.4707813858985901,0.4979199171066284,0.3015490770339966,0.27902519702911377,0.5626298189163208,0.49399933218955994,0.529167890548706,0.41365334391593933,0.6293545365333557,0.22168532013893127,0.5847371816635132,0.6399914622306824,0.3753543496131897,0.2875494062900543,0.2624598741531372,0.3433900773525238,0.36042100191116333,0.48290425539016724,0.5986620187759399,0.2520896792411804,0.33309870958328247,0.36964455246925354,0.327741414308548,0.2519432008266449,0.3781886696815491,0.2727959156036377,0.39550262689590454,0.5464808940887451,0.4593239426612854,0.4435764253139496,0.3129367530345917,0.2714618146419525,0.651919424533844,0.42808493971824646,0.41470101475715637,0.2946632206439972,0.32522115111351013,0.5558702945709229,0.34638503193855286,0.5594656467437744,0.4627607762813568,0.20328831672668457,0.4363230764865875,0.4207545518875122,0.44812971353530884,0.41758453845977783,0.43310654163360596,0.4767264723777771,0.40130236744880676,0.37881043553352356,0.3229297399520874,0.3974635601043701,0.5056226849555969,0.428799569606781,0.3867829442024231,0.39456355571746826,0.37040722370147705,0.3263610005378723,0.42508578300476074,0.45715010166168213,0.4458900988101959,0.5536200404167175,0.37948858737945557,0.5051752924919128,0.287666916847229,0.43444934487342834,0.3868943154811859,0.5102271437644958,0.17693649232387543,0.5242085456848145,0.5615927577018738,0.31431153416633606,0.5292537212371826,0.3568390905857086,0.4253521263599396,0.3955240547657013,0.43493738770484924,0.5360242128372192,0.25070077180862427,0.35937005281448364
Al-Araf,0.4841606318950653,0.038293205201625824,0.11400291323661804,-0.22789010405540466,0.06046455726027489,0.44714874029159546,0.0,-0.011329486966133118,-0.11723902076482773,0.5054619908332825,0.6961908340454102,0.553962767124176,0.22174271941184998,0.5305569171905518,0.6325640082359314,0.23180674016475677,0.36524498462677,0.5239204168319702,0.5663138031959534,0.6735906004905701,0.7058715224266052,0.12478111684322357,0.6291811466217041,-0.09154383838176727,0.4984331727027893,0.7245992422103882,0.6755775809288025,0.7129862308502197,0.5189070105552673,0.30839619040489197,0.18898466229438782,0.49697938561439514,-0.015618043020367622,0.4171169698238373,0.23087099194526672,0.5015737414360046,0.6347410082817078,0.6528962850570679,0.32794010639190674,0.5137196183204651,0.5489680171012878,0.1815273016691208,0.5742921829223633,0.4498178958892822,0.4645572304725647,0.6859506964683533,0.1635206937789917,0.11218322068452835,0.22086048126220703,0.4808567464351654,0.6682437062263489,0.5093463063240051,0.3927329182624817,0.6213404536247253,0.2554562985897064,0.32214057445526123,0.19741040468215942,0.0915389284491539,0.2786063849925995,0.13337798416614532,0.40396660566329956,0.42811912298202515,0.34827977418899536,0.27950340509414673,0.20427566766738892,0.4894677400588989,0.38677871227264404,0.6704477071762085,0.4996112585067749,0.30873408913612366,0.5687163472175598,0.5500555634498596,0.3740776777267456,0.46524155139923096,0.4477323591709137,0.30854153633117676,0.4465537667274475,0.44187799096107483,0.5427989363670349,0.38238438963890076,0.3809012174606323,0.3618854880332947,0.49659958481788635,0.4133932888507843,0.3756653070449829,0.329834908246994,0.4806791841983795,0.42717987298965454,0.47413116693496704,0.28514349460601807,0.5048120021820068,0.4246903955936432,0.30435800552368164,0.3824434280395508,0.4567658007144928,0.4691232144832611,0.2295663207769394,0.3094375431537628,0.4186422824859619,0.416887491941452,0.4278564155101776,0.42352771759033203,0.2937234044075012,0.4574463665485382,0.5565696358680725,0.3992401957511902,0.48051536083221436,0.4958641529083252,0.25303682684898376,0.3431466221809387,0.4955965578556061,0.2231714278459549,0.3335972726345062,0.3636348843574524
Al-Anfal,0.15539368987083435,0.5700486302375793,0.7053554058074951,0.645797610282898,0.6569861769676208,0.15768057107925415,-0.011329486966133118,0.0,0.8917811512947083,0.31461572647094727,-0.007227850612252951,-0.004729237407445908,0.3988551199436188,0.24706773459911346,0.12943555414676666,0.4941076338291168,0.08424367010593414,0.004897214472293854,-0.1593201458454132,-0.09597568213939667,-0.07810216397047043,0.6004051566123962,0.14101658761501312,0.7108657360076904,0.11532816290855408,0.10742839425802231,0.06770345568656921,0.04878075420856476,0.34299832582473755,0.49471578001976013,0.3553782105445862,0.39008256793022156,0.733048141002655,0.21169914305210114,0.42309072613716125,0.20034122467041016,0.031412262469530106,-0.039656706154346466,0.24469903111457825,0.24821120500564575,0.29083049297332764,0.37636592984199524,0.06921328604221344,0.26716348528862,0.43170636892318726,0.2991754114627838,0.7412072420120239,0.8199455142021179,0.6911714673042297,0.1314108520746231,0.24583151936531067,0.23528708517551422,0.22902712225914001,0.06157805770635605,0.183966726064682,0.18494953215122223,0.6558939814567566,0.800878643989563,0.7915918231010437,0.6733613014221191,0.6431506276130676,0.6558791399002075,0.752746045589447,0.6684839129447937,0.6398698091506958,0.4604784846305847,0.25068628787994385,0.19077348709106445,0.1632615327835083,0.48081740736961365,0.24482537806034088,0.277049720287323,0.4388720393180847,0.4158184826374054,0.2651199698448181,0.27477899193763733,0.2906213104724884,0.29078271985054016,0.3181418776512146,0.3447085916996002,0.43579691648483276,0.436948299407959,0.4125444293022156,0.5263307094573975,0.5963709354400635,0.3147946894168854,0.3091283440589905,0.49791067838668823,0.23396357893943787,0.38104772567749023,0.40974563360214233,0.48699629306793213,0.5440090894699097,0.49194100499153137,0.42920956015586853,0.4111882448196411,0.33786651492118835,0.6230477094650269,0.22770148515701294,0.4460392892360687,0.3778451979160309,0.5051318407058716,0.44571536779403687,0.45078423619270325,0.4530264139175415,0.3899350166320801,0.45534664392471313,0.333535373210907,0.13229762017726898,0.5324236750602722,0.4601913094520569,0.27337902784347534,0.22441808879375458,0.43727633357048035
At-Tawbah,0.12760381400585175,0.581993818283081,0.6865814328193665,0.7337927222251892,0.6795027852058411,0.0649707093834877,-0.11723902076482773,0.8917811512947083,0.0,0.190121591091156,-0.1407892256975174,-0.12822018563747406,0.3396293818950653,0.14650365710258484,-0.09144116193056107,0.40947479009628296,0.041746653616428375,-0.0975354015827179,-0.24260856211185455,-0.22442226111888885,-0.18237042427062988,0.5833799839019775,-0.011199599131941795,0.7114708423614502,0.11019222438335419,-0.06277289986610413,-0.12511874735355377,-0.05914744362235069,0.2702350318431854,0.41339579224586487,0.32508736848831177,0.2770601809024811,0.7462406158447266,0.08474822342395782,0.4566135108470917,0.07207190245389938,-0.10683923214673996,-0.19495053589344025,0.16500011086463928,0.15243865549564362,0.13356392085552216,0.3784867525100708,-0.09287667274475098,0.14146500825881958,0.3596840798854828,0.17373637855052948,0.7427351474761963,0.8310592770576477,0.6560859680175781,-0.0023891013115644455,0.06688772141933441,0.15635815262794495,0.09523884207010269,-0.08582114428281784,-0.0003628552076406777,0.02882596291601658,0.6490073800086975,0.800786554813385,0.7586740851402283,0.6918113231658936,0.6336871385574341,0.5262913107872009,0.6968279480934143,0.644255518913269,0.6952575445175171,0.38595280051231384,0.15895915031433105,0.08797213435173035,0.017623422667384148,0.4791582226753235,0.21538639068603516,0.3334381878376007,0.32288289070129395,0.34975555539131165,0.10511355102062225,0.2685975730419159,0.14791537821292877,0.19313310086727142,0.11663056164979935,0.26427745819091797,0.2593063712120056,0.2623220980167389,0.27433380484580994,0.4275802969932556,0.5176823735237122,0.1919410526752472,0.21782784163951874,0.4207059442996979,0.14205141365528107,0.3310493528842926,0.3057129383087158,0.4350643754005432,0.5351619124412537,0.4019342362880707,0.32994481921195984,0.2948005199432373,0.22892579436302185,0.5791929960250854,0.10602882504463196,0.2835438847541809,0.3123367130756378,0.3605898916721344,0.431647390127182,0.32487401366233826,0.33310192823410034,0.3723199665546417,0.4661640226840973,0.23185326159000397,0.09986754506826401,0.44994616508483887,0.37335526943206787,0.18949423730373383,0.0735166072845459,0.34681421518325806
Yunus,0.4681490957736969,0.15731868147850037,0.38659948110580444,0.026460476219654083,0.26770633459091187,0.5951686501502991,0.5054619908332825,0.31461572647094727,0.190121591091156,0.0,0.5799274444580078,0.2223316878080368,0.42152807116508484,0.6710766553878784,0.5544070601463318,0.3874781131744385,0.3792610764503479,0.34331268072128296,0.30139607191085815,0.4524048864841461,0.600249707698822,0.33670929074287415,0.614610493183136,0.1182512491941452,0.546661376953125,0.5556978583335876,0.49126261472702026,0.41474056243896484,0.7185077667236328,0.48058027029037476,0.4181661009788513,0.6682881116867065,0.1192353218793869,0.6909450888633728,0.43050533533096313,0.5907039046287537,0.3471701145172119,0.45547449588775635,0.5808097124099731,0.7660516500473022,0.7222216129302979,0.4805164933204651,0.664817750453949,0.5030421018600464,0.7668969631195068,0.7724359035491943,0.41197630763053894,0.2813870310783386,0.3927551209926605,0.5276239514350891,0.5594313144683838,0.5922756195068359,0.5265740752220154,0.5141345858573914,0.3469390571117401,0.3707449436187744,0.3378259837627411,0.332886666059494,0.45103374123573303,0.37720125913619995,0.5024034976959229,0.5860952138900757,0.5678788423538208,0.5848424434661865,0.26946553587913513,0.3058737516403198,0.6514825820922852,0.5153979659080505,0.5189307332038879,0.3692326843738556,0.49342095851898193,0.5442934036254883,0.45072269439697266,0.6034806370735168,0.548704981803894,0.22890309989452362,0.5251078009605408,0.474221408367157,0.5899692177772522,0.39422526955604553,0.4435003995895386,0.5629953742027283,0.6459044814109802,0.5635183453559875,0.5114330053329468,0.5067945122718811,0.47266894578933716,0.5069773197174072,0.3873453438282013,0.31697994470596313,0.47181418538093567,0.44988366961479187,0.46078723669052124,0.49788618087768555,0.5941247940063477,0.5182881951332092,0.40008673071861267,0.4854796230792999,0.3085055649280548,0.5646054148674011,0.4212701916694641,0.6409913301467896,0.39361393451690674,0.5533964037895203,0.5166335701942444,0.35920098423957825,0.4945438504219055,0.3944355845451355,0.4062386155128479,0.4955141246318817,0.5118097066879272,0.4983212947845459,0.2666320502758026,0.37162062525749207
Hud,0.5512802004814148,-0.1614862084388733,0.08129137754440308,-0.20856155455112457,0.0008635721169412136,0.25866857171058655,0.6961908340454102,-0.007227850612252951,-0.1407892256975174,0.5799274444580078,0.0,0.5920169949531555,0.18373847007751465,0.6207271814346313,0.68241286277771,0.13158269226551056,0.362947940826416,0.4107206165790558,0.5640508532524109,0.6171772480010986,0.7358005046844482,0.07278608530759811,0.6711726188659668,-0.07489071041345596,0.3868439197540283,0.7688400149345398,0.6845816373825073,0.6713683605194092,0.6847804188728333,0.200847327709198,0.26886168122291565,0.5280691385269165,0.049011509865522385,0.5308195352554321,0.19815891981124878,0.43123626708984375,0.6607482433319092,0.76883864402771,0.45459336042404175,0.6153731942176819,0.6165027618408203,0.3050519526004791,0.6137837171554565,0.5733169317245483,0.4909529685974121,0.6588083505630493,0.10271818935871124,-0.010150637477636337,0.277681440114975,0.4990920126438141,0.6700981855392456,0.48352116346359253,0.3836326003074646,0.7546340227127075,0.3007645905017853,0.3050053119659424,0.06057818979024887,0.1264682412147522,0.23538006842136383,0.19780421257019043,0.3768989145755768,0.39614930748939514,0.28938212990760803,0.3925565183162689,0.08852197974920273,0.5066790580749512,0.344673216342926,0.5631977319717407,0.5395368337631226,0.3697654604911804,0.6289329528808594,0.3999267816543579,0.39299502968788147,0.40963083505630493,0.4665270149707794,0.25359460711479187,0.3402421474456787,0.4428423345088959,0.563841700553894,0.4110332727432251,0.3437143564224243,0.4136916995048523,0.49237850308418274,0.4355277419090271,0.4154067039489746,0.41233283281326294,0.47951874136924744,0.4154314398765564,0.5350388288497925,0.29105985164642334,0.4684867858886719,0.5312945246696472,0.2735494375228882,0.4338626265525818,0.5098664164543152,0.4795933961868286,0.2533881962299347,0.3051535487174988,0.4135391116142273,0.45568960905075073,0.3525742292404175,0.45811590552330017,0.37328973412513733,0.4265904128551483,0.4280492663383484,0.4140314757823944,0.3955819010734558,0.5452492833137512,0.3385392427444458,0.4390268921852112,0.5136433243751526,0.36448177695274353,0.30052506923675537,0.374606192111969
Yusuf,0.35770973563194275,0.029195740818977356,0.04123333469033241,-0.07310327887535095,0.07129846513271332,0.1548217087984085,0.553962767124176,-0.004729237407445908,-0.12822018563747406,0.2223316878080368,0.5920169949531555,0.0,0.07845833897590637,0.3880837857723236,0.5508949756622314,0.1878240555524826,0.3820536136627197,0.5625985860824585,0.6198098659515381,0.7004328370094299,0.5580486059188843,-0.007417920045554638,0.45796942710876465,0.05477103590965271,0.1664935201406479,0.6846456527709961,0.7773836851119995,0.682898759841919,0.30068644881248474,0.18792828917503357,0.34480583667755127,0.2777584195137024,0.13364218175411224,0.1647101491689682,0.20178842544555664,0.3480854034423828,0.5766746997833252,0.6557894349098206,0.10359412431716919,0.19978542625904083,0.24949383735656738,0.09169238805770874,0.4634858965873718,0.4040793180465698,0.1849907487630844,0.39742499589920044,-0.062128033488988876,0.029606172814965248,0.3558848202228546,0.37011703848838806,0.6148203611373901,0.3498711585998535,0.5338231921195984,0.5468448996543884,0.28337109088897705,0.21992993354797363,-0.01888149231672287,0.14082764089107513,0.13173168897628784,0.10031352192163467,0.3713648021221161,0.286093145608902,0.2753596305847168,0.22291992604732513,0.17845574021339417,0.5100102424621582,0.22742438316345215,0.5727211236953735,0.43314534425735474,0.12938188016414642,0.6073601245880127,0.2895174026489258,0.32880058884620667,0.32638707756996155,0.4964129328727722,0.21829479932785034,0.2513772249221802,0.3044961988925934,0.41364267468452454,0.4695605933666229,0.3764353096485138,0.37548044323921204,0.19728657603263855,0.3020772933959961,0.10445985943078995,0.42786362767219543,0.49579328298568726,0.32940474152565,0.5174677968025208,0.37133660912513733,0.5180856585502625,0.40012040734291077,0.23602861166000366,0.4707242548465729,0.3778930604457855,0.581847071647644,0.285718709230423,0.15779854357242584,0.4959849417209625,0.3871285021305084,0.22792835533618927,0.34421810507774353,0.17897386848926544,0.410447895526886,0.4796939194202423,0.41731828451156616,0.2375529408454895,0.5266084671020508,0.17951305210590363,0.39788493514060974,0.5238907337188721,0.19709357619285583,0.23116031289100647,0.30149438977241516
Ar-Rad,0.4626375138759613,0.2978573441505432,0.3619229197502136,0.3239530622959137,0.28016960620880127,0.5553091168403625,0.22174271941184998,0.3988551199436188,0.3396293818950653,0.42152807116508484,0.18373847007751465,0.07845833897590637,0.0,0.5272345542907715,0.39843517541885376,0.7206568121910095,0.38416311144828796,0.3006823658943176,0.3350994288921356,0.16865050792694092,0.3136097490787506,0.7779648900032043,0.41760382056236267,0.49903860688209534,0.7036312818527222,0.07990103214979172,0.4001747965812683,0.1224907785654068,0.5463753938674927,0.740447461605072,0.6930192112922668,0.5863016247749329,0.29578226804733276,0.6392197012901306,0.7494670748710632,0.5042044520378113,0.25916117429733276,0.3990398943424225,0.6374850869178772,0.499755859375,0.6289666891098022,0.7331642508506775,0.44668418169021606,0.5007930994033813,0.6828382611274719,0.4836447834968567,0.6130689382553101,0.5859345197677612,0.4007689654827118,0.6150864958763123,0.4854710102081299,0.5505977869033813,0.6620295643806458,0.3546251356601715,0.3898433744907379,0.5215649604797363,0.6665189266204834,0.6268444061279297,0.6310052871704102,0.3554236888885498,0.4411703646183014,0.7260560989379883,0.5332548022270203,0.6625007390975952,0.5757343173027039,0.41409093141555786,0.6537294983863831,0.3430870771408081,0.5559162497520447,0.5744889974594116,0.4448934495449066,0.5974839925765991,0.6604280471801758,0.6869081258773804,0.6453070044517517,0.6135590076446533,0.6378558874130249,0.6588232517242432,0.6050216555595398,0.6605395078659058,0.7054510116577148,0.7464404106140137,0.5168173909187317,0.6827528476715088,0.6488001346588135,0.6701515913009644,0.7025414109230042,0.7287911772727966,0.603840172290802,0.6819678544998169,0.63297438621521,0.5826436281204224,0.6043931245803833,0.606959342956543,0.582441508769989,0.6408918499946594,0.7037258744239807,0.6322593092918396,0.5636242032051086,0.7044040560722351,0.7306187152862549,0.63108229637146,0.4322391450405121,0.7862464189529419,0.7244148254394531,0.48640161752700806,0.5975942015647888,0.37995702028274536,0.19697950780391693,0.5904729962348938,0.6605827212333679,0.657153308391571,0.5179175138473511,0.582936704158783
Ibrahim,0.6943200826644897,0.21449661254882812,0.33992889523506165,0.04649418219923973,0.30252063274383545,0.4453158378601074,0.5305569171905518,0.24706773459911346,0.14650365710258484,0.6710766553878784,0.6207271814346313,0.3880837857723236,0.5272345542907715,0.0,0.6491036415100098,0.43326300382614136,0.6503632664680481,0.5327539443969727,0.6363868117332458,0.6185251474380493,0.588107705116272,0.503858745098114,0.6646018028259277,0.30294734239578247,0.6155591011047363,0.6208958029747009,0.6336274743080139,0.5774182081222534,0.67118901014328,0.5585839152336121,0.6192783713340759,0.7745713591575623,0.29913878440856934,0.6665228009223938,0.5738571882247925,0.6783931851387024,0.4895094633102417,0.6684847474098206,0.5612581968307495,0.7442806959152222,0.7333705425262451,0.5651533603668213,0.7365419268608093,0.7525258660316467,0.7264566421508789,0.7325611114501953,0.3385857343673706,0.4149353504180908,0.4551675021648407,0.7243145108222961,0.7241122722625732,0.6620879769325256,0.5204079747200012,0.6728128790855408,0.632562518119812,0.5475951433181763,0.5227815508842468,0.40573081374168396,0.4706324636936188,0.3750562369823456,0.6196313500404358,0.6717127561569214,0.4821186363697052,0.6233359575271606,0.4880783259868622,0.6067118048667908,0.6099131107330322,0.5004051923751831,0.7604799270629883,0.6372963190078735,0.6845201253890991,0.5706936120986938,0.7756341695785522,0.6211850643157959,0.6928523778915405,0.6256914138793945,0.7051501274108887,0.7789103984832764,0.7670369744300842,0.6871071457862854,0.6302013397216797,0.7222537994384766,0.657780647277832,0.6707719564437866,0.5827736258506775,0.5996098518371582,0.7330925464630127,0.716990053653717,0.706881046295166,0.5806851983070374,0.7536541819572449,0.6494497060775757,0.48401421308517456,0.6634389758110046,0.6341382265090942,0.6101903915405273,0.680863082408905,0.6077490448951721,0.5602269768714905,0.6948649287223816,0.675532341003418,0.6960025429725647,0.5248858332633972,0.686370313167572,0.6729314923286438,0.4657505750656128,0.6041809320449829,0.6183457374572754,0.35227176547050476,0.6913354396820068,0.7446854710578918,0.4877683222293854,0.4161283075809479,0.5969541072845459
Al-Hijr,0.47073894739151,-0.05085721239447594,0.033011000603437424,-0.08311350643634796,0.07433609664440155,0.36933964490890503,0.6325640082359314,0.12943555414676666,-0.09144116193056107,0.5544070601463318,0.68241286277771,0.5508949756622314,0.39843517541885376,0.6491036415100098,0.0,0.4106856882572174,0.6428685784339905,0.5455129742622375,0.6323149800300598,0.5962641835212708,0.781217634677887,0.24381788074970245,0.7671381235122681,0.032328151166439056,0.5205429792404175,0.750350296497345,0.7857663035392761,0.5886045098304749,0.6881498694419861,0.47193393111228943,0.3804904818534851,0.6616851091384888,0.0489390566945076,0.6770393252372742,0.33593007922172546,0.6932923197746277,0.7662992477416992,0.7704544067382812,0.39722007513046265,0.525008499622345,0.6696752309799194,0.37578755617141724,0.7597969174385071,0.7574009299278259,0.5020231604576111,0.6510240435600281,0.1845497190952301,0.16685977578163147,0.28858277201652527,0.6810837984085083,0.806277334690094,0.5910311341285706,0.5406206250190735,0.7997589111328125,0.5551131367683411,0.6396026611328125,0.2610018253326416,0.22933122515678406,0.3473191559314728,0.16345080733299255,0.3040577173233032,0.5287306308746338,0.39149296283721924,0.38878506422042847,0.12772236764431,0.4224819242954254,0.5041104555130005,0.6699988842010498,0.6923949718475342,0.39517369866371155,0.5664913058280945,0.46453309059143066,0.6109137535095215,0.49658331274986267,0.6675444841384888,0.4689970016479492,0.6548934578895569,0.6358430981636047,0.6814513206481934,0.576525092124939,0.5665274858474731,0.6800239682197571,0.6422695517539978,0.6048607230186462,0.47263669967651367,0.6356667876243591,0.6319213509559631,0.5903850197792053,0.5955471396446228,0.5568766593933105,0.5988356471061707,0.4570901691913605,0.3940092623233795,0.5511797666549683,0.6568271517753601,0.6106580495834351,0.4710611402988434,0.4301150441169739,0.4579744040966034,0.6711657047271729,0.5241628885269165,0.6876664161682129,0.3055030405521393,0.662917971611023,0.653075098991394,0.32826441526412964,0.3894365727901459,0.5809240937232971,0.19221092760562897,0.500999391078949,0.6107944846153259,0.4242355227470398,0.39940157532691956,0.4579305946826935
