Books,Al-Fatiha,Al-Baqarah,Al Imran,An-Nisa,Al-Maidah,Al-Anam,Al-Araf,Al-Anfal,At-Tawbah,Yunus,Hud,Yusuf,Ar-Rad,Ibrahim,Al-Hijr,An-Nahl,Al-Isra,Al-Kahf,Maryam,Ta-Ha,Al-Anbiya,Al-Hajj,Al-Muminun,An-Nur,Al-Furqan,Ash-Shuara,An-Naml,Al-Qasas,Al-Ankabut,Ar-Rum,Luqmaan,As-Sajda,Al-Ahzaab,Saba (surah),Faatir,Yaseen,As-Saaffaat,Saad,Az-Zumar,Ghafir,Fussilat,Ash_Shooraa,Az-Zukhruf,Ad-Dukhaan,Al-Jaathiyah,Al-Ahqaaf,Muhammad,Al-Fath,Al-Hujuraat,Qaaf,Adh-Dhaariyaat,At-Toor,An-Najm,Al-Qamar,Ar-Rahman,Al-Waqia,Al-Hadeed,Al-Mujadila,Al-Hashr,Al-Mumtahanah,As-Saff,Al-Jumuah,Al-Munafiqoon,At-Taghabun,At-Talaq,At-Tahreem,Al-Mulk,Al-Qalam,Al-Haaqqa,Al-Maaarij,Nooh,Al-Jinn,Al-Muzzammil,Al-Muddaththir,Al-Qiyamah,Al-Insaan,Al-Mursalaat,An-Naba,An-Naaziaat,Abasa,At-Takweer,Al-Infitar,Al-Mutaffifeen,Al-Inshiqaaq,Al-Burooj,At-Taariq,Al-Alaa,Al-Ghaashiyah,Al-Fajr,Al-Balad,Ash-Shams,Al-Layl,Ad-Dhuha,Ash-Sharh,At-Teen,Al-Alaq,Al-Qadr,Al-Bayyinahh,Az-Zalzalah,Al-Aadiyaat,Al-Qaariah,At-Takaathur,Al-Asr,Al-Humazah,Al-Feel,Quraysh,Al-Maaoon,Al-Kawthar,Al-Kaafiroon,An-Nasr,Al-Masad,Al-Ikhlaas,Al-Falaq,Al-Naas
Book document vector lengths,1.3483026,12.464212,10.035553,17.305367,10.355643,10.11596,9.975221,10.42084,15.945897,8.517658,8.777301,13.5744,7.501257,5.878394,6.9671197,8.012439,9.089669,9.027913,7.8878994,9.542991,8.523629,6.784139,6.580803,10.416915,6.972202,11.267275,7.4596634,9.150414,7.02207,7.952612,6.3539047,5.808581,11.17589,6.746497,7.242122,6.738295,8.288225,8.3338,8.037406,7.361319,6.3121295,7.873986,6.510149,6.2122445,6.403607,6.328438,7.3993883,7.837885,6.1329527,5.9588027,5.388979,5.2806387,5.592381,7.346293,11.253812,6.8842587,7.68427,6.537338,6.229318,6.0435257,4.9369183,3.8420367,4.123014,5.604134,5.3973074,4.4142356,5.222472,4.499639,4.55184,4.258677,3.67898,4.020429,3.828838,5.0631857,4.6768794,5.5760117,5.632448,4.8239493,4.392475,4.3143287,3.8393402,3.1811273,4.4836617,3.0535798,3.6725056,2.867888,2.598474,3.9068239,3.819587,2.798777,2.1446457,2.2972925,1.4342439,1.470019,1.5976233,2.5277665,1.20924,2.8326948,1.881276,2.133684,2.2600567,1.719735,0.7450316,1.7709761,1.1730493,1.2923994,1.1489037,0.73930657,0.85638595,1.0171348,2.017838,0.7635445,1.0541307,1.1178497
Book sum of word vector lengths,653.1253476440907,104018.51140281558,60562.96612679958,60599.19804131985,47005.11797001958,54279.386318176985,58818.27069249749,20969.429254859686,43413.661019682884,31942.71056124568,34240.79342764616,29938.79107454419,14399.64181369543,14350.960586428642,11771.18248179555,32389.538754224777,26944.976692587137,27993.650925010443,17074.62066590786,23790.47201693058,20917.48307645321,21203.355676293373,18455.609485149384,22056.041644483805,15758.727902829647,23532.331322669983,20028.8553994596,24992.075366556644,17535.555544734,14228.38627654314,8913.203852713108,6589.987359166145,21495.049784898758,15174.966750264168,12856.569881886244,12976.295385986567,15811.978399157524,12729.29923993349,20393.54069572687,21097.68628114462,14457.45729982853,14851.399054050446,15578.20356181264,5961.843001484871,9073.210633039474,11699.661918967962,9511.093409478664,9786.239222288132,5696.438771605492,6317.53091442585,6091.945918291807,5645.938779383898,6225.457554161549,6058.983563482761,6840.395682871342,6494.050966143608,10231.741869986057,7829.499850362539,7702.565515846014,6117.892989844084,3600.6391110122204,2803.127688795328,3182.155995517969,4489.295980036259,4640.586082547903,4014.9295905828476,5732.367744088173,5313.670472800732,4630.65466183424,3608.5238939523697,3498.200497597456,4817.898854583502,3257.4427498579025,4279.825075149536,2809.962122619152,4019.326214581728,3173.7744132876396,3014.1905608177185,3412.7509577572346,2438.8292265832424,1865.2919568419456,1392.2623003721237,2899.312023371458,2034.2412039637566,1785.679382264614,1054.9646813571453,1163.7935952544212,1469.3917531073093,2423.674139201641,1386.7570340931416,1316.9625190794468,1412.811121225357,905.2458828687668,479.9996657371521,548.4530371427536,1122.7991223335266,467.806412756443,1479.9916235208511,648.0379616618156,584.1459745764732,682.5709511041641,492.65979820489883,240.23211359977722,503.29496735334396,338.4846614897251,269.8015874326229,410.6466292142868,195.41197243332863,412.3036255836487,345.03325271606445,350.16279193758965,211.5383306145668,331.1327264010906,253.07176050543785

Similarity matrix,Al-Fatiha,Al-Baqarah,Al Imran,An-Nisa,Al-Maidah,Al-Anam,Al-Araf,Al-Anfal,At-Tawbah,Yunus,Hud,Yusuf,Ar-Rad,Ibrahim,Al-Hijr,An-Nahl,Al-Isra,Al-Kahf,Maryam,Ta-Ha,Al-Anbiya,Al-Hajj,Al-Muminun,An-Nur,Al-Furqan,Ash-Shuara,An-Naml,Al-Qasas,Al-Ankabut,Ar-Rum,Luqmaan,As-Sajda,Al-Ahzaab,Saba (surah),Faatir,Yaseen,As-Saaffaat,Saad,Az-Zumar,Ghafir,Fussilat,Ash_Shooraa,Az-Zukhruf,Ad-Dukhaan,Al-Jaathiyah,Al-Ahqaaf,Muhammad,Al-Fath,Al-Hujuraat,Qaaf,Adh-Dhaariyaat,At-Toor,An-Najm,Al-Qamar,Ar-Rahman,Al-Waqia,Al-Hadeed,Al-Mujadila,Al-Hashr,Al-Mumtahanah,As-Saff,Al-Jumuah,Al-Munafiqoon,At-Taghabun,At-Talaq,At-Tahreem,Al-Mulk,Al-Qalam,Al-Haaqqa,Al-Maaarij,Nooh,Al-Jinn,Al-Muzzammil,Al-Muddaththir,Al-Qiyamah,Al-Insaan,Al-Mursalaat,An-Naba,An-Naaziaat,Abasa,At-Takweer,Al-Infitar,Al-Mutaffifeen,Al-Inshiqaaq,Al-Burooj,At-Taariq,Al-Alaa,Al-Ghaashiyah,Al-Fajr,Al-Balad,Ash-Shams,Al-Layl,Ad-Dhuha,Ash-Sharh,At-Teen,Al-Alaq,Al-Qadr,Al-Bayyinahh,Az-Zalzalah,Al-Aadiyaat,Al-Qaariah,At-Takaathur,Al-Asr,Al-Humazah,Al-Feel,Quraysh,Al-Maaoon,Al-Kawthar,Al-Kaafiroon,An-Nasr,Al-Masad,Al-Ikhlaas,Al-Falaq,Al-Naas
Al-Fatiha,0.0,0.24354314804077148,0.41017550230026245,0.3226426839828491,0.3522830605506897,0.4151921272277832,0.39419686794281006,0.33568015694618225,0.24848231673240662,0.5889808535575867,0.5198906660079956,0.2674104571342468,0.5798594355583191,0.6664596796035767,0.5225709080696106,0.5293720960617065,0.4967004954814911,0.2721639573574066,0.6270244717597961,0.3517184257507324,0.47079986333847046,0.5902702808380127,0.5716955065727234,0.4168376624584198,0.5890607237815857,0.401213675737381,0.4388294816017151,0.4196385145187378,0.6917543411254883,0.5351744890213013,0.6791644096374512,0.6515490412712097,0.4463801383972168,0.6703099608421326,0.6575360298156738,0.5416938066482544,0.5033758878707886,0.5146415829658508,0.6649572253227234,0.6269567012786865,0.6280021667480469,0.6800709962844849,0.5797029733657837,0.5161184668540955,0.6367633938789368,0.6228433847427368,0.4454943835735321,0.47113463282585144,0.6420027613639832,0.5719553232192993,0.4831535518169403,0.5825363397598267,0.5157228112220764,0.4454161524772644,0.445724219083786,0.46729645133018494,0.5524016618728638,0.563302755355835,0.6285258531570435,0.6244216561317444,0.618801474571228,0.6888455152511597,0.5863555073738098,0.7428277134895325,0.580316960811615,0.595363974571228,0.6670200228691101,0.5390148162841797,0.5468682646751404,0.5785090923309326,0.5883193016052246,0.6644506454467773,0.7005515694618225,0.5908864140510559,0.6303412914276123,0.6052494049072266,0.4130852222442627,0.6011508107185364,0.6082164645195007,0.5875071287155151,0.5780310034751892,0.7010311484336853,0.5624955296516418,0.5484340786933899,0.7142948508262634,0.6405131816864014,0.6652352213859558,0.5710118412971497,0.6165261268615723,0.6338959336280823,0.42988935112953186,0.6179810166358948,0.6200370192527771,0.6404908299446106,0.7407657504081726,0.688597559928894,0.4862763285636902,0.6024348139762878,0.6058650612831116,0.6685932874679565,0.601140558719635,0.6431670188903809,0.6416345834732056,0.597967267036438,0.5726844668388367,0.6721628308296204,0.5371089577674866,0.7068424224853516,0.6364067196846008,0.7506839036941528,0.7153750061988831,0.6544642448425293,0.3774028718471527,0.6865828037261963
Al-Baqarah,0.24354314804077148,0.0,0.7212777733802795,0.716105043888092,0.7185159921646118,-0.025216765701770782,-0.054220493882894516,0.6455278396606445,0.7053614854812622,0.08101768046617508,-0.10130810737609863,0.05731896683573723,0.2234385460615158,0.06712279468774796,-0.17593587934970856,0.3779500126838684,0.17102475464344025,-0.10704914480447769,-0.09426181763410568,-0.0678306445479393,-0.17831479012966156,0.433336079120636,-0.025065399706363678,0.7812420129776001,0.04255325719714165,-0.09237989038228989,0.03369688242673874,0.10108945518732071,0.09553085267543793,0.33707329630851746,0.3719007968902588,0.09733753651380539,0.6921040415763855,0.026426153257489204,0.3559319078922272,0.08395441621541977,-0.17662452161312103,-0.20484834909439087,0.07737668603658676,0.02486095204949379,0.09488992393016815,0.34104591608047485,-0.06080835685133934,-0.05108987167477608,0.3039390742778778,0.1862492710351944,0.5549889206886292,0.5728296041488647,0.6331971287727356,-0.012932863086462021,0.1226535215973854,0.12681055068969727,0.3049203157424927,-0.16200439631938934,0.011207934468984604,0.06994219869375229,0.5626621246337891,0.6612669825553894,0.5369654297828674,0.6985419988632202,0.524754524230957,0.5410516262054443,0.6018602252006531,0.5312990546226501,0.6929558515548706,0.430117130279541,0.14081525802612305,0.09324132651090622,-0.01596274971961975,0.25478532910346985,0.24474027752876282,0.2697180509567261,0.5327022075653076,0.2278853952884674,0.24151746928691864,0.2218121737241745,0.08015493303537369,0.12112219631671906,0.0991773009300232,0.32741495966911316,0.2073756903409958,0.31306472420692444,0.18649902939796448,0.3241455852985382,0.3387588858604431,0.31392285227775574,0.2852732241153717,0.22321851551532745,0.18627752363681793,0.4186927080154419,0.33893418312072754,0.3408820927143097,0.4623149037361145,0.3513128161430359,0.2736930847167969,0.3452538847923279,0.26729899644851685,0.47102445363998413,0.2575799822807312,0.4387998580932617,0.32384541630744934,0.3155595362186432,0.3109167814254761,0.32392433285713196,0.28216931223869324,0.38422533869743347,0.4206947982311249,0.29573991894721985,0.2298707664012909,0.4137325584888458,0.35991740226745605,0.25251448154449463,0.296415776014328,0.18145476281642914
Al Imran,0.41017550230026245,0.7212777733802795,0.0,0.6226325035095215,0.749972939491272,0.08185596764087677,0.0510089136660099,0.7531374096870422,0.79450523853302,0.2931665778160095,0.0430760495364666,0.029172100126743317,0.26536861062049866,0.26428869366645813,-0.06395283341407776,0.4202618896961212,0.07105981558561325,-0.09722071141004562,0.027300210669636726,-0.06974917650222778,-0.04260953888297081,0.5074833035469055,0.1782095730304718,0.6278496980667114,0.013119426555931568,0.05034879222512245,0.09870636463165283,0.19618874788284302,0.3877565264701843,0.4090358316898346,0.3826318085193634,0.27375417947769165,0.6665956974029541,0.18559220433235168,0.3519347608089447,0.10472090542316437,0.029780687764286995,-0.03219788894057274,0.3574729561805725,0.30592620372772217,0.26507270336151123,0.4492346942424774,0.058562763035297394,0.08335742354393005,0.4940943121910095,0.38697031140327454,0.6710138320922852,0.7126421332359314,0.6806151866912842,0.0957372635602951,0.16244474053382874,0.1172695904970169,0.29287591576576233,-0.04787055030465126,0.050254806876182556,0.019867710769176483,0.6883719563484192,0.7057225704193115,0.6775845885276794,0.742944061756134,0.6820621490478516,0.6806510090827942,0.712347686290741,0.6716938018798828,0.5943633317947388,0.5323269963264465,0.21416616439819336,0.1898907870054245,0.06948620826005936,0.29958173632621765,0.2570197582244873,0.4161987900733948,0.48814091086387634,0.25695762038230896,0.23917114734649658,0.23198485374450684,0.0767236202955246,0.1266556680202484,0.2030884027481079,0.3023896813392639,0.20845401287078857,0.3102620840072632,0.3525073826313019,0.4447334408760071,0.5355947017669678,0.259360671043396,0.3797914385795593,0.22793997824192047,0.2686643898487091,0.3550472557544708,0.3259996771812439,0.44047483801841736,0.34527847170829773,0.3620333969593048,0.37231680750846863,0.36306384205818176,0.15859273076057434,0.6515746712684631,0.27527734637260437,0.4589172303676605,0.3206455707550049,0.41117432713508606,0.39269566535949707,0.3621384799480438,0.33407318592071533,0.39399775862693787,0.4858458638191223,0.373797208070755,0.3514966666698456,0.5110304951667786,0.4334987998008728,0.3305948078632355,0.2847526967525482,0.299507200717926
An-Nisa,0.3226426839828491,0.716105043888092,0.6226325035095215,0.0,0.7111780047416687,-0.051887527108192444,-0.24412313103675842,0.6078556180000305,0.7261404991149902,-0.059419143944978714,-0.1397443413734436,-0.11478930711746216,0.2940434515476227,-0.028203440830111504,-0.2057563066482544,0.4054279029369354,0.4161325991153717,-0.05936616659164429,-0.05109820142388344,-0.19902926683425903,-0.23380659520626068,0.28780442476272583,-0.053118571639060974,0.779080331325531,0.2995178699493408,-0.2752704620361328,-0.171668142080307,-0.04972239211201668,0.09921011328697205,0.21120022237300873,0.2722311317920685,0.04148899018764496,0.8385750651359558,0.03554169088602066,0.4722411632537842,0.03303755447268486,-0.1709415167570114,-0.2554074823856354,0.12543605268001556,-0.10869258642196655,0.16032004356384277,0.4885246753692627,-0.07964323461055756,-0.10188648104667664,0.21801844239234924,0.12073033303022385,0.5861274003982544,0.7045326828956604,0.6423094868659973,-0.05604064092040062,-0.02382361888885498,0.12412921339273453,0.21439392864704132,-0.12214438617229462,-0.015660787001252174,0.0335080586373806,0.5281622409820557,0.7269253730773926,0.5132323503494263,0.8137531876564026,0.41580820083618164,0.47347086668014526,0.5812249779701233,0.5400248169898987,0.6425811648368835,0.43557459115982056,0.17930454015731812,0.03886881470680237,-0.05594328045845032,0.2425222396850586,0.3118244707584381,0.5223506093025208,0.4811271131038666,0.21865269541740417,0.1739172637462616,0.24797731637954712,-0.06483127921819687,0.1387459933757782,0.014101294800639153,0.2935446500778198,0.0799061506986618,0.1813497096300125,0.0738569051027298,0.31944310665130615,0.3553256094455719,0.24509523808956146,0.20494693517684937,0.1977604627609253,0.20812487602233887,0.41146790981292725,0.2625632584095001,0.3103700280189514,0.5479913949966431,0.2960435450077057,0.22952859103679657,0.33662012219429016,0.10710081458091736,0.4253073036670685,0.22083060443401337,0.3206784129142761,0.23881183564662933,0.20948021113872528,0.3707788288593292,0.23100383579730988,0.25936028361320496,0.36178240180015564,0.34768879413604736,0.2902829945087433,0.17737489938735962,0.42422112822532654,0.3430393934249878,0.30011358857154846,0.2877252697944641,0.2618457078933716
Al-Maidah,0.3522830605506897,0.7185159921646118,0.749972939491272,0.7111780047416687,0.0,0.11786199361085892,0.08531919121742249,0.7276298403739929,0.788092851638794,0.22709111869335175,-0.0068692914210259914,0.05459172651171684,0.33474844694137573,0.1840812861919403,-0.01578192040324211,0.4753835201263428,0.12436333298683167,-1.0858406312763691e-05,-0.01909836009144783,-0.05187401920557022,-0.11281101405620575,0.536253809928894,0.14416338503360748,0.7585972547531128,0.15134812891483307,0.03192202374339104,0.06390819698572159,0.208107128739357,0.3173365294933319,0.39606282114982605,0.3630058765411377,0.31110313534736633,0.6850276589393616,0.12859970331192017,0.3271085023880005,0.12549103796482086,-0.0023538433015346527,-0.15146002173423767,0.2072632759809494,0.19690686464309692,0.17980216443538666,0.39765894412994385,0.12338472157716751,0.02817652001976967,0.3984288275241852,0.41761329770088196,0.7617135643959045,0.7468675971031189,0.7267941832542419,0.047179773449897766,0.24757157266139984,0.2651035785675049,0.28611448407173157,-0.011560768820345402,0.16556613147258759,0.12711183726787567,0.6663376092910767,0.7753808498382568,0.6974941492080688,0.7746765613555908,0.6869850158691406,0.6739889979362488,0.7534022331237793,0.6263018250465393,0.6419362425804138,0.5027792453765869,0.22555777430534363,0.2337745726108551,0.11238791793584824,0.34119662642478943,0.3969210982322693,0.40550199151039124,0.48690035939216614,0.31840842962265015,0.21537646651268005,0.2657051086425781,0.1898634433746338,0.22388248145580292,0.09069114178419113,0.28512704372406006,0.24669232964515686,0.32716694474220276,0.3341207802295685,0.459205687046051,0.5246208906173706,0.3091580271720886,0.3303716778755188,0.24961315095424652,0.24624741077423096,0.49838611483573914,0.4494154751300812,0.2924380898475647,0.38480934500694275,0.4005722105503082,0.4303761422634125,0.39750751852989197,0.22112372517585754,0.6577132940292358,0.32718586921691895,0.4838551878929138,0.3365482985973358,0.3581741750240326,0.3814794719219208,0.3731660842895508,0.5003739595413208,0.4514257609844208,0.5751032829284668,0.30423158407211304,0.33458295464515686,0.492729514837265,0.4500676095485687,0.2068789303302765,0.36197569966316223,0.2773148715496063
Al-Anam,0.4151921272277832,-0.025216765701770782,0.08185596764087677,-0.051887527108192444,0.11786199361085892,0.0,0.4578217566013336,0.058439165353775024,-0.04037577658891678,0.7023634910583496,0.3559255599975586,0.2731321156024933,0.5984181761741638,0.44949474930763245,0.44615304470062256,0.6311099529266357,0.2616943418979645,0.4164103865623474,0.2527720332145691,0.3500223457813263,0.5272320508956909,0.47244811058044434,0.6981109380722046,0.018965743482112885,0.48608270287513733,0.22327207028865814,0.3457045257091522,0.3390548825263977,0.529100239276886,0.4722835123538971,0.43282708525657654,0.6542911529541016,-0.09189372509717941,0.6240531802177429,0.3807152211666107,0.5987890958786011,0.34032297134399414,0.3065791130065918,0.5705717206001282,0.4939095675945282,0.5773796439170837,0.5075646638870239,0.669970691204071,0.2743191421031952,0.5867918729782104,0.5941610932350159,0.37821245193481445,0.19387798011302948,0.33145368099212646,0.41638144850730896,0.2761461138725281,0.49796631932258606,0.5327764749526978,0.3256661295890808,0.3490046262741089,0.4237200617790222,0.1857958883047104,0.22092609107494354,0.2255406230688095,0.13553640246391296,0.29094502329826355,0.44643634557724,0.2975873649120331,0.36812159419059753,0.14178034663200378,0.07039831578731537,0.5700012445449829,0.43813881278038025,0.41473424434661865,0.38645872473716736,0.2275131642818451,0.4213469624519348,0.23834343254566193,0.5166293978691101,0.45179468393325806,0.28051134943962097,0.37078621983528137,0.44059038162231445,0.42284631729125977,0.36929917335510254,0.3852432668209076,0.5001092553138733,0.49857470393180847,0.4507698714733124,0.3484402000904083,0.4993639290332794,0.4518287777900696,0.42639780044555664,0.3444400131702423,0.416995644569397,0.3319476246833801,0.26118364930152893,0.38446497917175293,0.5067270398139954,0.5429461598396301,0.5621103048324585,0.28532958030700684,0.3786889612674713,0.4800265431404114,0.446676105260849,0.41011181473731995,0.5279072523117065,0.45174992084503174,0.4381920099258423,0.5216883420944214,0.3630879819393158,0.371183305978775,0.32718613743782043,0.48494210839271545,0.38831567764282227,0.40120410919189453,0.4344331920146942,0.31191983819007874,0.39186152815818787
Al-Araf,0.39419686794281006,-0.054220493882894516,0.0510089136660099,-0.24412313103675842,0.08531919121742249,0.4578217566013336,0.0,0.03657788783311844,-0.12001557648181915,0.6294254064559937,0.7976890206336975,0.653182327747345,0.12561140954494476,0.6343969702720642,0.7086182832717896,0.2179783135652542,0.14841721951961517,0.5331420302391052,0.5740718841552734,0.7365041971206665,0.7302931547164917,0.20490992069244385,0.6803359389305115,-0.12327779084444046,0.23495705425739288,0.8061491250991821,0.7206189036369324,0.795632541179657,0.6210875511169434,0.3283105790615082,0.24304859340190887,0.6260136961936951,-0.05166512355208397,0.5559590458869934,0.0727963000535965,0.5808447599411011,0.7557170391082764,0.6563964486122131,0.2502748370170593,0.5650246143341064,0.4055371582508087,0.11543091386556625,0.7162678837776184,0.5925760865211487,0.4775230884552002,0.6450653672218323,0.2050400823354721,0.08170796930789948,0.1906832605600357,0.44888725876808167,0.7038410902023315,0.45173195004463196,0.3606569468975067,0.587346076965332,0.3542036712169647,0.39201611280441284,0.11291053891181946,0.11634424328804016,0.2802714407444,0.13410046696662903,0.48291969299316406,0.2880627512931824,0.31672170758247375,0.29479971528053284,0.20641939342021942,0.36454182863235474,0.3212915062904358,0.6802895069122314,0.5921093225479126,0.37948694825172424,0.5865137577056885,0.2736043632030487,0.21401987969875336,0.4668433368206024,0.45296961069107056,0.375550776720047,0.5272417068481445,0.40235984325408936,0.5410339832305908,0.41274330019950867,0.41934022307395935,0.38890722393989563,0.4661043882369995,0.4002099633216858,0.3675501346588135,0.3997933864593506,0.49602946639060974,0.400126576423645,0.5007138848304749,0.38156241178512573,0.48084720969200134,0.302824467420578,0.22824549674987793,0.6080331802368164,0.5757970213890076,0.4327146112918854,0.25520849227905273,0.4029287099838257,0.3607902228832245,0.3239876925945282,0.3431154191493988,0.4843958616256714,0.417196124792099,0.43466949462890625,0.6209554076194763,0.4947708547115326,0.44602644443511963,0.47236624360084534,0.49479061365127563,0.3024207353591919,0.5019268989562988,0.2798149883747101,0.2551739513874054,0.297074556350708
Al-Anfal,0.33568015694618225,0.6455278396606445,0.7531374096870422,0.6078556180000305,0.7276298403739929,0.058439165353775024,0.03657788783311844,0.0,0.816016674041748,0.23053844273090363,-0.0379788875579834,-0.094003826379776,0.26695722341537476,0.26898354291915894,0.03320841118693352,0.4760743975639343,0.12263961881399155,-0.0894809141755104,-0.1443580985069275,-0.08102467656135559,-0.07713484019041061,0.47708481550216675,0.24048835039138794,0.7464185953140259,0.11883805692195892,0.16395385563373566,0.05838269740343094,0.11302857100963593,0.35321280360221863,0.5034715533256531,0.37542811036109924,0.36207470297813416,0.652336597442627,0.18156233429908752,0.3902592658996582,0.2216586470603943,0.05852966383099556,-0.09602825343608856,0.26687192916870117,0.16847631335258484,0.29997995495796204,0.397378146648407,0.09084514528512955,0.27061694860458374,0.41941115260124207,0.3104456961154938,0.7695154547691345,0.7610164880752563,0.7492756247520447,0.06952757388353348,0.27601563930511475,0.2736241817474365,0.2083737701177597,0.1051919087767601,0.2618861496448517,0.2860509157180786,0.7254323363304138,0.7199932336807251,0.7942067384719849,0.714762270450592,0.594875693321228,0.6546055674552917,0.782953143119812,0.6362821459770203,0.589394211769104,0.4899415373802185,0.35805243253707886,0.3245495855808258,0.18864284455776215,0.45529335737228394,0.32739630341529846,0.2949191629886627,0.574094831943512,0.2866606116294861,0.28174006938934326,0.3551064729690552,0.20442122220993042,0.2772754430770874,0.30011793971061707,0.3873695433139801,0.2717956006526947,0.3592187464237213,0.3480056822299957,0.41855937242507935,0.5778942704200745,0.3016863167285919,0.4040195643901825,0.33805447816848755,0.2795969545841217,0.40070560574531555,0.3903025984764099,0.3807084560394287,0.36213499307632446,0.40692126750946045,0.3546968996524811,0.34357380867004395,0.2550359070301056,0.6027361154556274,0.33103084564208984,0.48257341980934143,0.4150981605052948,0.42664241790771484,0.2657100558280945,0.4183669090270996,0.43147513270378113,0.3929431736469269,0.5692173838615417,0.42158350348472595,0.1785295009613037,0.4309915006160736,0.4740965664386749,0.26290857791900635,0.37234851717948914,0.31175562739372253
At-Tawbah,0.24848231673240662,0.7053614854812622,0.79450523853302,0.7261404991149902,0.788092851638794,-0.04037577658891678,-0.12001557648181915,0.816016674041748,0.0,0.1097910925745964,-0.17434026300907135,-0.19650274515151978,0.23788730800151825,-0.013194091618061066,-0.21739688515663147,0.4262682795524597,0.036619335412979126,-0.1736029088497162,-0.23893052339553833,-0.29098066687583923,-0.21159577369689941,0.4196856915950775,0.06544269621372223,0.7292212843894958,0.07377305626869202,-0.1323787420988083,-0.12487310916185379,-0.04028064385056496,0.22155551612377167,0.4567638039588928,0.27473169565200806,0.16276313364505768,0.6870438456535339,0.04554405063390732,0.3346138596534729,0.06098971143364906,-0.10946311056613922,-0.2816830575466156,0.22817383706569672,0.1087040901184082,0.15684573352336884,0.3516237735748291,-0.10462867468595505,0.02177511341869831,0.4053197205066681,0.2610012888908386,0.681564450263977,0.7171440124511719,0.6283364295959473,-0.008588971570134163,0.07465147972106934,0.14201246201992035,0.15099550783634186,-0.10442085564136505,-0.07567031681537628,0.07203990966081619,0.6887986660003662,0.7982755303382874,0.7513612508773804,0.7157309651374817,0.5356876850128174,0.5516861081123352,0.7619750499725342,0.5763829946517944,0.6175432205200195,0.35812345147132874,0.1696234494447708,0.10046656429767609,0.005536410491913557,0.3296133279800415,0.21200571954250336,0.3454996943473816,0.43862348794937134,0.22416608035564423,0.1394064873456955,0.20377834141254425,0.07958219945430756,0.10317625850439072,0.05401715263724327,0.2224392145872116,0.13027672469615936,0.22523877024650574,0.25725260376930237,0.3669145703315735,0.4812302589416504,0.16941317915916443,0.23358072340488434,0.22504426538944244,0.08831024914979935,0.3490564525127411,0.32032379508018494,0.34462279081344604,0.3174053430557251,0.2495734840631485,0.27548426389694214,0.20566688477993011,0.11557406187057495,0.6238669753074646,0.2655505836009979,0.3679899573326111,0.3393417000770569,0.3285084068775177,0.29431596398353577,0.3059438467025757,0.26905953884124756,0.2856936454772949,0.5091149210929871,0.1935664415359497,0.12368251383304596,0.35425832867622375,0.33850955963134766,0.15534372627735138,0.22537089884281158,0.11662481725215912
Yunus,0.5889808535575867,0.08101768046617508,0.2931665778160095,-0.059419143944978714,0.22709111869335175,0.7023634910583496,0.6294254064559937,0.23053844273090363,0.1097910925745964,0.0,0.6317883729934692,0.26882022619247437,0.4906860888004303,0.7027451992034912,0.6068046689033508,0.4901004135608673,0.23463933169841766,0.3762635290622711,0.38369712233543396,0.49603116512298584,0.5742425322532654,0.5054528117179871,0.7194941639900208,0.086140938103199,0.4284898638725281,0.5383124947547913,0.46824732422828674,0.4800024628639221,0.7242873907089233,0.5858072638511658,0.5091107487678528,0.8157756924629211,0.05558052286505699,0.8214580416679382,0.3910225033760071,0.6710272431373596,0.4730626940727234,0.4913776218891144,0.6174166798591614,0.7438881993293762,0.6820159554481506,0.5346487164497375,0.6757773160934448,0.5335829257965088,0.8002410531044006,0.819258451461792,0.3922882378101349,0.25916486978530884,0.36221304535865784,0.5630173683166504,0.4571104347705841,0.5284013152122498,0.4613927900791168,0.5479011535644531,0.42095834016799927,0.4807979464530945,0.3071579039096832,0.32354995608329773,0.4169881045818329,0.3085939884185791,0.4669033885002136,0.5519477725028992,0.48457878828048706,0.5379930734634399,0.28485754132270813,0.21227815747261047,0.6173834204673767,0.6212977170944214,0.674489438533783,0.5036189556121826,0.48554450273513794,0.4305630326271057,0.41759663820266724,0.6374710202217102,0.5573515892028809,0.38151225447654724,0.5908412337303162,0.5655481815338135,0.6064706444740295,0.4602011740207672,0.5231918096542358,0.609734058380127,0.7360803484916687,0.5166726112365723,0.5096907615661621,0.5427336692810059,0.5734381079673767,0.48585960268974304,0.4812265932559967,0.4076681137084961,0.43224337697029114,0.3316022455692291,0.3855975270271301,0.6138308048248291,0.691321074962616,0.5758914351463318,0.3870513439178467,0.5253123641014099,0.5802522301673889,0.5103312134742737,0.5061670541763306,0.7369186282157898,0.5263318419456482,0.5362212657928467,0.5700767040252686,0.4636821746826172,0.48456400632858276,0.3981960415840149,0.6644083857536316,0.5033733248710632,0.5305424928665161,0.4269423186779022,0.35793063044548035,0.436991423368454
Hud,0.5198906660079956,-0.10130810737609863,0.0430760495364666,-0.1397443413734436,-0.0068692914210259914,0.3559255599975586,0.7976890206336975,-0.0379788875579834,-0.17434026300907135,0.6317883729934692,0.0,0.6306934356689453,0.17388121783733368,0.625170111656189,0.6788440346717834,0.13355998694896698,0.30807188153266907,0.5340191125869751,0.7112795114517212,0.7058876752853394,0.719365656375885,0.1761532574892044,0.5793673396110535,-0.13505317270755768,0.343452513217926,0.7529613971710205,0.7242094278335571,0.7463701367378235,0.6296933889389038,0.23994040489196777,0.336363822221756,0.5593355894088745,0.02461259253323078,0.6689109802246094,0.1983710080385208,0.5491093993186951,0.7277161478996277,0.7413556575775146,0.35405415296554565,0.5674780607223511,0.5075456500053406,0.24091985821723938,0.7004543542861938,0.556912899017334,0.474761962890625,0.6416267156600952,0.06652592867612839,0.025993790477514267,0.1722644567489624,0.508776843547821,0.6334244012832642,0.3540893495082855,0.4699239134788513,0.6638485789299011,0.3090370297431946,0.32283443212509155,0.045080408453941345,0.13684268295764923,0.23013487458229065,0.2225446254014969,0.45477885007858276,0.28515222668647766,0.2756941616535187,0.39198175072669983,0.17447559535503387,0.40344560146331787,0.3694731593132019,0.6675640940666199,0.652317225933075,0.3832067549228668,0.6238962411880493,0.3145826458930969,0.26993033289909363,0.5081505179405212,0.48846542835235596,0.36069735884666443,0.45187556743621826,0.4138435423374176,0.6198516488075256,0.431486040353775,0.44849076867103577,0.3893125057220459,0.4970615804195404,0.40958040952682495,0.3755277395248413,0.4136514365673065,0.5206149220466614,0.3701791763305664,0.5912690162658691,0.33557015657424927,0.43725448846817017,0.3918339014053345,0.3480616807937622,0.5837377905845642,0.5694613456726074,0.507564127445221,0.2733517587184906,0.3374084532260895,0.38000649213790894,0.3624608814716339,0.3408503234386444,0.5044710040092468,0.5011709928512573,0.3616706132888794,0.5042572617530823,0.45685139298439026,0.3735698461532593,0.506773829460144,0.6129209399223328,0.4092158079147339,0.488158643245697,0.4342491030693054,0.3200131952762604,0.38226988911628723
Yusuf,0.2674104571342468,0.05731896683573723,0.029172100126743317,-0.11478930711746216,0.05459172651171684,0.2731321156024933,0.653182327747345,-0.094003826379776,-0.19650274515151978,0.26882022619247437,0.6306934356689453,0.0,-0.0028536240570247173,0.4331768751144409,0.5434045791625977,0.012904927134513855,0.3522319197654724,0.6372060775756836,0.6888502836227417,0.8029268980026245,0.64082270860672,0.12732236087322235,0.4343147277832031,-0.006836696993559599,0.04307696595788002,0.6180915236473083,0.7742300629615784,0.7616856694221497,0.23678725957870483,0.03799433633685112,0.3618343770503998,0.3354840576648712,0.11920517683029175,0.2935218811035156,0.051137976348400116,0.45283833146095276,0.6090635657310486,0.6233556270599365,0.11869432032108307,0.297184556722641,0.17036926746368408,-0.0009468665230087936,0.5782141089439392,0.35022810101509094,0.17286370694637299,0.35536959767341614,0.02467459812760353,0.04953189566731453,0.13668350875377655,0.35051867365837097,0.5089513659477234,0.29116684198379517,0.5142318606376648,0.3542594611644745,0.28714752197265625,0.1803155392408371,-0.09244539588689804,0.11252439767122269,0.05624657869338989,0.11331906169652939,0.3843580186367035,0.21485920250415802,0.17270269989967346,0.23403696715831757,0.23150025308132172,0.39250004291534424,0.1421557515859604,0.5831475257873535,0.43402859568595886,0.20360492169857025,0.4703257381916046,0.22526289522647858,0.20915386080741882,0.37452641129493713,0.48295584321022034,0.319112092256546,0.273502379655838,0.2674162983894348,0.4344412386417389,0.4136197566986084,0.45289257168769836,0.399389386177063,0.26816755533218384,0.32527047395706177,0.18704555928707123,0.43477311730384827,0.4375501275062561,0.3498442471027374,0.4552690386772156,0.3025849759578705,0.4426191449165344,0.31173276901245117,0.2494196593761444,0.5757694244384766,0.4288438558578491,0.5137854814529419,0.30052122473716736,0.15817297995090485,0.25929713249206543,0.38584399223327637,0.2285965532064438,0.3981103003025055,0.29486680030822754,0.385540246963501,0.4865226149559021,0.443814218044281,0.15863478183746338,0.5018811821937561,0.5464669466018677,0.4018104076385498,0.46579059958457947,0.34178754687309265,0.2881785035133362,0.27893659472465515
Ar-Rad,0.5798594355583191,0.2234385460615158,0.26536861062049866,0.2940434515476227,0.33474844694137573,0.5984181761741638,0.12561140954494476,0.26695722341537476,0.23788730800151825,0.4906860888004303,0.17388121783733368,-0.0028536240570247173,0.0,0.42581143975257874,0.3679523766040802,0.7105981707572937,0.40765824913978577,0.35859304666519165,0.30476248264312744,0.14229939877986908,0.28001558780670166,0.7648135423660278,0.5216559171676636,0.4209994971752167,0.773056149482727,-0.029680879786610603,0.3134218752384186,0.13910454511642456,0.5672589540481567,0.6660787463188171,0.6794188618659973,0.6431474685668945,0.2488972544670105,0.6399381160736084,0.8025076389312744,0.5110657811164856,0.28778350353240967,0.2601264715194702,0.7611172795295715,0.5780561566352844,0.6582961678504944,0.8257057070732117,0.5005011558532715,0.35727623105049133,0.591791570186615,0.5821101069450378,0.5617967247962952,0.5156096816062927,0.46079298853874207,0.6470180153846741,0.42739424109458923,0.6427822709083557,0.7191760540008545,0.35436710715293884,0.46677520871162415,0.5912736654281616,0.5716211199760437,0.5137156844139099,0.5597098469734192,0.39494234323501587,0.436333566904068,0.7334084510803223,0.3868289291858673,0.614875078201294,0.49698683619499207,0.33759644627571106,0.71702641248703,0.38776376843452454,0.5651766657829285,0.6329053044319153,0.47357627749443054,0.6164617538452148,0.62325519323349,0.7389765381813049,0.6013323068618774,0.597199559211731,0.48010802268981934,0.6825776100158691,0.5732395648956299,0.6479334831237793,0.6144384741783142,0.6481413245201111,0.5860116481781006,0.6842203736305237,0.7047650814056396,0.7296996712684631,0.6733959913253784,0.6673920750617981,0.6143879294395447,0.7419552206993103,0.5651887655258179,0.5320737361907959,0.6233357787132263,0.46528297662734985,0.653200626373291,0.59141606092453,0.6356731057167053,0.6578976511955261,0.7241069078445435,0.6964916586875916,0.6783691644668579,0.519729495048523,0.7201225757598877,0.6597455143928528,0.6272632479667664,0.6242246627807617,0.5553684234619141,0.43985849618911743,0.3242014944553375,0.6657203435897827,0.6460054516792297,0.6793773174285889,0.6077312231063843,0.734518826007843
Ibrahim,0.6664596796035767,0.06712279468774796,0.26428869366645813,-0.028203440830111504,0.1840812861919403,0.44949474930763245,0.6343969702720642,0.26898354291915894,-0.013194091618061066,0.7027451992034912,0.625170111656189,0.4331768751144409,0.42581143975257874,0.0,0.6817379593849182,0.383097767829895,0.4062579572200775,0.4484798014163971,0.6792562007904053,0.6769192218780518,0.5653355121612549,0.5321534276008606,0.6635009050369263,0.20506629347801208,0.43500372767448425,0.6524465680122375,0.6659073829650879,0.6182044744491577,0.6867761015892029,0.5474701523780823,0.6046494245529175,0.761130154132843,0.21200846135616302,0.6476570963859558,0.4929354786872864,0.5873091816902161,0.5740383863449097,0.6955810785293579,0.5409257411956787,0.7224573493003845,0.6447303295135498,0.5220702290534973,0.6374304890632629,0.7143524885177612,0.6779454946517944,0.6719923615455627,0.4538300931453705,0.43549540638923645,0.4026225209236145,0.6551676392555237,0.5949000120162964,0.4903569519519806,0.4993986487388611,0.6610191464424133,0.5900154113769531,0.5048206448554993,0.45588427782058716,0.26406970620155334,0.4490398168563843,0.3521943986415863,0.6545085310935974,0.5780999660491943,0.42686140537261963,0.6670789122581482,0.4802231192588806,0.5778007507324219,0.531111478805542,0.6676352620124817,0.7586228251457214,0.6043448448181152,0.7030385732650757,0.4324195683002472,0.5968735814094543,0.635430097579956,0.7353551983833313,0.6663513779640198,0.6039283871650696,0.6757909655570984,0.7803167700767517,0.7075655460357666,0.6145411133766174,0.6389961838722229,0.6082456111907959,0.562264621257782,0.6133831739425659,0.6547771692276001,0.7568374276161194,0.6506969332695007,0.7209358811378479,0.5316120386123657,0.5528000593185425,0.5608699917793274,0.4040018618106842,0.6824037432670593,0.663800835609436,0.6449632048606873,0.5865419507026672,0.4908845126628876,0.6688989400863647,0.6178202033042908,0.6071857810020447,0.6302915215492249,0.492876797914505,0.7359361052513123,0.6521788239479065,0.6439424157142639,0.5211851000785828,0.708289384841919,0.4552665054798126,0.653227686882019,0.7594791650772095,0.5846967697143555,0.48924720287323,0.6209795475006104
Al-Hijr,0.5225709080696106,-0.17593587934970856,-0.06395283341407776,-0.2057563066482544,-0.01578192040324211,0.44615304470062256,0.7086182832717896,0.03320841118693352,-0.21739688515663147,0.6068046689033508,0.6788440346717834,0.5434045791625977,0.3679523766040802,0.6817379593849182,0.0,0.29227787256240845,0.4712699055671692,0.6166287660598755,0.6942562460899353,0.7004766464233398,0.8265327215194702,0.37853601574897766,0.74561607837677,-0.07026545703411102,0.5065739750862122,0.730766773223877,0.7260560393333435,0.5823199152946472,0.6153920888900757,0.4042208790779114,0.44134682416915894,0.7794644832611084,-0.014873011037707329,0.7170079946517944,0.32935574650764465,0.7709261178970337,0.8463117480278015,0.7901845574378967,0.3829643428325653,0.5721386075019836,0.5790396928787231,0.30992454290390015,0.8164596557617188,0.8230988383293152,0.5253422856330872,0.664872407913208,0.13027557730674744,0.1858588457107544,0.12585388123989105,0.7487040758132935,0.7765601277351379,0.6454434394836426,0.45301276445388794,0.78359055519104,0.5617265105247498,0.6491925716400146,0.18071402609348297,0.14806470274925232,0.273403525352478,0.0800464004278183,0.36667555570602417,0.41194069385528564,0.24295563995838165,0.31642505526542664,0.19611512124538422,0.3166169226169586,0.5304831862449646,0.6910577416419983,0.765251100063324,0.506717324256897,0.6327676773071289,0.33687564730644226,0.3966323137283325,0.6194635033607483,0.6392106413841248,0.5800864100456238,0.6823466420173645,0.6854053735733032,0.6796664595603943,0.5799926519393921,0.6728759407997131,0.6179136633872986,0.5562490224838257,0.5674974322319031,0.5579237341880798,0.6479533314704895,0.6069549322128296,0.6356515884399414,0.6605117917060852,0.49686700105667114,0.5617412328720093,0.28871476650238037,0.3359561562538147,0.6437528133392334,0.6702880263328552,0.481815367937088,0.5227746963500977,0.4193282425403595,0.5489781498908997,0.5309992432594299,0.48259052634239197,0.559736967086792,0.4925650358200073,0.5684031248092651,0.721714198589325,0.6044721007347107,0.31669527292251587,0.5455638766288757,0.45099782943725586,0.5122711658477783,0.6007799506187439,0.37876975536346436,0.4026688039302826,0.5661059617996216
