Books,Al-Fatiha,Al-Baqarah,Al Imran,An-Nisa,Al-Maidah,Al-Anam,Al-Araf,Al-Anfal,At-Tawbah,Yunus,Hud,Yusuf,Ar-Rad,Ibrahim,Al-Hijr,An-Nahl,Al-Isra,Al-Kahf,Maryam,Ta-Ha,Al-Anbiya,Al-Hajj,Al-Muminun,An-Nur,Al-Furqan,Ash-Shuara,An-Naml,Al-Qasas,Al-Ankabut,Ar-Rum,Luqmaan,As-Sajda,Al-Ahzaab,Saba (surah),Faatir,Yaseen,As-Saaffaat,Saad,Az-Zumar,Ghafir,Fussilat,Ash_Shooraa,Az-Zukhruf,Ad-Dukhaan,Al-Jaathiyah,Al-Ahqaaf,Muhammad,Al-Fath,Al-Hujuraat,Qaaf,Adh-Dhaariyaat,At-Toor,An-Najm,Al-Qamar,Ar-Rahman,Al-Waqia,Al-Hadeed,Al-Mujadila,Al-Hashr,Al-Mumtahanah,As-Saff,Al-Jumuah,Al-Munafiqoon,At-Taghabun,At-Talaq,At-Tahreem,Al-Mulk,Al-Qalam,Al-Haaqqa,Al-Maaarij,Nooh,Al-Jinn,Al-Muzzammil,Al-Muddaththir,Al-Qiyamah,Al-Insaan,Al-Mursalaat,An-Naba,An-Naaziaat,Abasa,At-Takweer,Al-Infitar,Al-Mutaffifeen,Al-Inshiqaaq,Al-Burooj,At-Taariq,Al-Alaa,Al-Ghaashiyah,Al-Fajr,Al-Balad,Ash-Shams,Al-Layl,Ad-Dhuha,Ash-Sharh,At-Teen,Al-Alaq,Al-Qadr,Al-Bayyinahh,Az-Zalzalah,Al-Aadiyaat,Al-Qaariah,At-Takaathur,Al-Asr,Al-Humazah,Al-Feel,Quraysh,Al-Maaoon,Al-Kawthar,Al-Kaafiroon,An-Nasr,Al-Masad,Al-Ikhlaas,Al-Falaq,Al-Naas
Book document vector lengths,1.4214505,14.628994,10.075884,14.785459,10.955377,9.664058,10.151282,10.187264,15.450763,8.071727,9.645247,15.717601,6.747031,5.832147,7.0720096,7.9626923,6.988205,9.243231,9.374276,10.419654,8.407815,6.6009083,6.585155,8.834022,6.396516,10.785976,8.01361,9.169359,6.933579,7.445578,5.90112,5.8075585,11.066701,6.7835956,6.6480937,7.16624,9.050389,7.3737936,8.230018,7.245906,5.452343,7.045173,7.634932,6.144927,6.403919,6.6386976,7.464198,7.2748694,5.844122,6.175376,5.835938,5.2096663,5.339494,7.8505993,12.073232,6.65956,6.8800917,6.572351,6.206922,6.205525,4.4953027,3.8237896,4.089356,5.293557,5.3726516,4.7165895,5.02178,4.5139523,5.193551,4.5504293,3.6818423,4.011119,3.780707,4.913643,4.6826286,5.381425,6.137117,4.876992,4.7479444,4.1174836,3.9606483,3.3736928,4.8554325,3.4724894,3.6295297,2.7829347,2.3561223,3.526821,3.9433534,2.2010546,2.7379272,2.8857086,1.9587117,1.5012467,1.454041,3.183787,1.598201,2.7063103,1.921313,1.976437,2.2744632,1.5549657,0.92817986,1.7393938,1.4881369,0.67332363,1.0102426,0.7740231,1.248607,1.0371047,1.3394877,0.66343385,1.1239556,1.2522253
Book sum of word vector lengths,635.9316027760506,98839.39386093616,58553.10681292415,56442.11441266537,45059.06058564782,54593.91663715243,55983.20701479912,20680.097053200006,43949.5933611691,30638.40964639187,33214.8412938118,29059.76717725396,14483.655157059431,14017.277227133512,10777.917244419456,30429.62068411708,26498.82793816924,26713.126269370317,16362.757545769215,23846.298529595137,21211.467638492584,20126.912840753794,18007.365541011095,19628.55106243491,15153.871912032366,22749.89282631874,18766.762196034193,24203.840332359076,16157.148983597755,13411.47908771038,9021.495720118284,6713.233853936195,20039.259142577648,15123.075912386179,11951.328844428062,13158.02708953619,15404.99157306552,12970.508761614561,20461.812572419643,21015.387919396162,13505.921436786652,14750.715617209673,16279.507427304983,6427.567504018545,8931.880729526281,11470.760237395763,9210.567751705647,9210.139326334,5788.001082330942,6719.923109203577,6618.533818662167,5604.404572457075,6220.153972417116,7060.382981151342,7371.786378115416,7282.492863953114,10286.540235757828,8106.587832480669,7558.880911409855,5885.423614323139,3505.930633187294,2672.779416978359,3060.0260829925537,4675.391412049532,4438.617118477821,4259.676497071981,5743.269532471895,5914.001709342003,4783.626490414143,3718.700586140156,3518.599250972271,4660.151903003454,3493.0428338348866,4525.377809941769,3519.5890542566776,3628.2014565765858,4544.31504508853,3452.682533711195,3842.027327477932,2342.428627759218,1925.0696443915367,1622.8919814825058,3059.077094256878,2390.248342603445,1812.3559965789318,1159.1930438280106,1464.5487007796764,1669.9721917808056,2828.579483151436,1515.6686278283596,1455.5672867894173,1626.8888026475906,912.9058345556259,437.4055206775665,547.8414865136147,1453.5448918640614,538.7527876496315,1300.1812482774258,859.6346229016781,687.7499830126762,611.3730891346931,685.7741905748844,244.52363497018814,441.6660258471966,378.28749027848244,304.30163356661797,365.20272836089134,164.94470465183258,365.1837406158447,265.53405517339706,405.11739361286163,222.18686160445213,372.8806960582733,308.7143611907959

Similarity matrix,Al-Fatiha,Al-Baqarah,Al Imran,An-Nisa,Al-Maidah,Al-Anam,Al-Araf,Al-Anfal,At-Tawbah,Yunus,Hud,Yusuf,Ar-Rad,Ibrahim,Al-Hijr,An-Nahl,Al-Isra,Al-Kahf,Maryam,Ta-Ha,Al-Anbiya,Al-Hajj,Al-Muminun,An-Nur,Al-Furqan,Ash-Shuara,An-Naml,Al-Qasas,Al-Ankabut,Ar-Rum,Luqmaan,As-Sajda,Al-Ahzaab,Saba (surah),Faatir,Yaseen,As-Saaffaat,Saad,Az-Zumar,Ghafir,Fussilat,Ash_Shooraa,Az-Zukhruf,Ad-Dukhaan,Al-Jaathiyah,Al-Ahqaaf,Muhammad,Al-Fath,Al-Hujuraat,Qaaf,Adh-Dhaariyaat,At-Toor,An-Najm,Al-Qamar,Ar-Rahman,Al-Waqia,Al-Hadeed,Al-Mujadila,Al-Hashr,Al-Mumtahanah,As-Saff,Al-Jumuah,Al-Munafiqoon,At-Taghabun,At-Talaq,At-Tahreem,Al-Mulk,Al-Qalam,Al-Haaqqa,Al-Maaarij,Nooh,Al-Jinn,Al-Muzzammil,Al-Muddaththir,Al-Qiyamah,Al-Insaan,Al-Mursalaat,An-Naba,An-Naaziaat,Abasa,At-Takweer,Al-Infitar,Al-Mutaffifeen,Al-Inshiqaaq,Al-Burooj,At-Taariq,Al-Alaa,Al-Ghaashiyah,Al-Fajr,Al-Balad,Ash-Shams,Al-Layl,Ad-Dhuha,Ash-Sharh,At-Teen,Al-Alaq,Al-Qadr,Al-Bayyinahh,Az-Zalzalah,Al-Aadiyaat,Al-Qaariah,At-Takaathur,Al-Asr,Al-Humazah,Al-Feel,Quraysh,Al-Maaoon,Al-Kawthar,Al-Kaafiroon,An-Nasr,Al-Masad,Al-Ikhlaas,Al-Falaq,Al-Naas
Al-Fatiha,0.0,0.2602149546146393,0.39825889468193054,0.2912978529930115,0.3815096616744995,0.5648310780525208,0.5302054286003113,0.26595282554626465,0.16540199518203735,0.6946271657943726,0.58831787109375,0.37461286783218384,0.6644046902656555,0.8392248749732971,0.6998264789581299,0.5528501272201538,0.7510771751403809,0.46559983491897583,0.6660599708557129,0.5469814538955688,0.607085645198822,0.6042954921722412,0.6903998851776123,0.43818920850753784,0.699907660484314,0.5397221446037292,0.6410760879516602,0.5920106172561646,0.6991874575614929,0.5962316989898682,0.7558404207229614,0.7204451560974121,0.3512401580810547,0.7122758030891418,0.6854488849639893,0.592551589012146,0.5437476634979248,0.6481538414955139,0.6977287530899048,0.7083331942558289,0.6715395450592041,0.6945145726203918,0.7362188100814819,0.693145751953125,0.640679657459259,0.6750915050506592,0.4400767982006073,0.48435136675834656,0.7129758596420288,0.6385486125946045,0.6919757127761841,0.6910547614097595,0.7284886240959167,0.463093101978302,0.5653083920478821,0.5107113718986511,0.5310081243515015,0.5432640910148621,0.6988134980201721,0.6292587518692017,0.7393187284469604,0.7746182084083557,0.6232085227966309,0.7665330767631531,0.6223943829536438,0.6830816864967346,0.6668670177459717,0.6840600967407227,0.5982841849327087,0.6571993231773376,0.7491735219955444,0.8580575585365295,0.6972392797470093,0.7768521904945374,0.6838737726211548,0.6520972847938538,0.6215634346008301,0.6977872848510742,0.7219352722167969,0.7167870998382568,0.7333210706710815,0.6503161191940308,0.633455753326416,0.7124741077423096,0.6960538029670715,0.7350650429725647,0.8081095814704895,0.620540201663971,0.7042068839073181,0.7306316494941711,0.6534677743911743,0.6571700572967529,0.7492116093635559,0.7247806787490845,0.7573904991149902,0.804932177066803,0.6011022925376892,0.7540268301963806,0.5862810611724854,0.6945739984512329,0.6127731800079346,0.6661162972450256,0.6338820457458496,0.6016855835914612,0.7596146464347839,0.6870768666267395,0.7238263487815857,0.7374223470687866,0.8148295283317566,0.8549922108650208,0.6168540716171265,0.5957159996032715,0.7655885815620422,0.7757969498634338
Al-Baqarah,0.2602149546146393,0.0,0.6965609192848206,0.6183643341064453,0.6805043816566467,0.13918949663639069,0.02657848224043846,0.5250431299209595,0.5545127987861633,0.1344819813966751,-0.0926976278424263,0.1684611588716507,0.2300044298171997,0.1342749148607254,0.07017609477043152,0.2120501697063446,0.1634148359298706,-0.011150822043418884,-0.054849203675985336,0.07110835611820221,-0.19494716823101044,0.3729203939437866,0.005698277615010738,0.6934130191802979,-0.03881189972162247,0.005997402593493462,0.0445583239197731,0.19187472760677338,0.005164569243788719,0.2980857491493225,0.35027754306793213,0.22828254103660583,0.6465466022491455,-0.02929367683827877,0.2883709669113159,-0.059070516377687454,-0.22162514925003052,-0.06023239344358444,0.015405851416289806,-0.14250917732715607,0.09239626675844193,0.17994675040245056,0.03056682087481022,0.11312606185674667,0.17997680604457855,0.14130598306655884,0.430597722530365,0.5515133738517761,0.5795746445655823,-0.045314740389585495,0.18360984325408936,0.06741422414779663,0.1404392123222351,-0.02265295945107937,0.2075783610343933,0.008220549672842026,0.43395987153053284,0.5906705856323242,0.38902390003204346,0.582999587059021,0.5402770638465881,0.4478444755077362,0.5020440220832825,0.4410340487957001,0.674532413482666,0.38804590702056885,0.044330667704343796,0.09721528738737106,0.04719036445021629,0.3007313013076782,0.318403959274292,0.13535523414611816,0.48186248540878296,0.1912723332643509,0.16528081893920898,0.21966516971588135,0.07101554423570633,0.12139438092708588,0.12536028027534485,0.3407781422138214,0.2315555363893509,0.222886860370636,0.200544074177742,0.22879759967327118,0.30791011452674866,0.22790542244911194,0.30836865305900574,0.2246893048286438,0.30366194248199463,0.4407252371311188,0.2060629427433014,0.21171876788139343,0.3885844945907593,0.42464959621429443,0.27228793501853943,0.22784367203712463,0.2346780002117157,0.3640093505382538,0.19959577918052673,0.3098231256008148,0.284994900226593,0.22062638401985168,0.36609601974487305,0.1624593436717987,0.2524058520793915,0.4538007080554962,0.23532675206661224,0.40148648619651794,0.2907390296459198,0.26820918917655945,0.273843914270401,0.17705726623535156,0.17996183037757874,0.25240927934646606
Al Imran,0.39825889468193054,0.6965609192848206,0.0,0.697641134262085,0.6624621748924255,0.1233958825469017,0.08903393894433975,0.6736168265342712,0.7137753963470459,0.39796915650367737,0.1079009547829628,0.1362515687942505,0.28130659461021423,0.3123735189437866,0.17853525280952454,0.3150482475757599,0.23353789746761322,-0.04595175012946129,0.07838154584169388,-0.005629977211356163,-0.02392980270087719,0.3680265545845032,0.21358773112297058,0.6218336224555969,0.08100897073745728,0.08511155843734741,0.1198316216468811,0.28811222314834595,0.3776812255382538,0.447861909866333,0.39240798354148865,0.24998043477535248,0.754605233669281,0.09754512459039688,0.36965689063072205,-0.06622511893510818,-0.036729007959365845,-0.01358575839549303,0.1815813034772873,0.16647754609584808,0.2251436561346054,0.3813900649547577,0.14073887467384338,0.21388934552669525,0.43440255522727966,0.35576683282852173,0.5627915263175964,0.6908571124076843,0.6905521154403687,0.02399587444961071,0.21985042095184326,0.11610903590917587,0.2666362524032593,0.07900206744670868,0.04822671785950661,-0.02319333329796791,0.6205180287361145,0.5977373719215393,0.5794081687927246,0.7248433828353882,0.7575873732566833,0.6285818815231323,0.6168798208236694,0.5890564322471619,0.6912479400634766,0.4654925763607025,0.15821459889411926,0.28973060846328735,0.10009253770112991,0.2898496687412262,0.28848448395729065,0.3162177503108978,0.43681779503822327,0.2760429084300995,0.22260251641273499,0.21698671579360962,0.12185191363096237,0.11342620849609375,0.2445116639137268,0.3374013304710388,0.23460076749324799,0.22247852385044098,0.3305448293685913,0.3917281925678253,0.43938982486724854,0.24380642175674438,0.31996217370033264,0.19357849657535553,0.3371469974517822,0.4335165321826935,0.2624884247779846,0.40250974893569946,0.511290967464447,0.4767287075519562,0.4485284090042114,0.3691607415676117,0.15313495695590973,0.6660796403884888,0.13965575397014618,0.33440837264060974,0.2929140329360962,0.39741766452789307,0.5481340885162354,0.19012925028800964,0.2911369204521179,0.42215752601623535,0.30975136160850525,0.36956095695495605,0.3711211085319519,0.46279120445251465,0.41114887595176697,0.2566372752189636,0.29699307680130005,0.3294169306755066
An-Nisa,0.2912978529930115,0.6183643341064453,0.697641134262085,0.0,0.7592729926109314,0.08034641295671463,-0.09715749323368073,0.7773928642272949,0.818102240562439,0.049883849918842316,-0.17418675124645233,-0.026306048035621643,0.3379416763782501,0.07027309387922287,-0.01919192261993885,0.4003889858722687,0.17014318704605103,-0.06596247106790543,-0.12009578943252563,-0.2200353890657425,-0.2667314410209656,0.43349820375442505,0.029514817520976067,0.768681526184082,0.08637584745883942,-0.11688873171806335,-0.07125665247440338,0.015446950681507587,0.10914400964975357,0.2851437032222748,0.3558443486690521,0.0850588008761406,0.9075842499732971,-0.024331865832209587,0.44399523735046387,0.030089030042290688,-0.11864994466304779,-0.21541470289230347,0.10580834001302719,-0.09779803454875946,0.2622164189815521,0.4188231825828552,0.04990975186228752,0.07798244059085846,0.15589451789855957,0.14780963957309723,0.6827710866928101,0.7947509288787842,0.7420461177825928,-0.11387592554092407,0.11774439364671707,0.14756011962890625,0.2564452588558197,-0.16136719286441803,0.08428221940994263,-0.04415179789066315,0.4931701719760895,0.8045023679733276,0.5226707458496094,0.7291272282600403,0.625023603439331,0.5249605178833008,0.5638393759727478,0.5460996627807617,0.7016229629516602,0.42121750116348267,0.16179633140563965,0.22996467351913452,-0.04066379368305206,0.40820568799972534,0.2411072701215744,0.20616599917411804,0.43675947189331055,0.1923099309206009,0.1293088048696518,0.26122742891311646,0.0982191264629364,0.11796697974205017,0.09058374911546707,0.3297823667526245,0.19908760488033295,0.21013323962688446,0.3370014429092407,0.3234346807003021,0.3806286156177521,0.33788031339645386,0.28179726004600525,0.25049158930778503,0.3053134083747864,0.40807998180389404,0.24480751156806946,0.37967535853385925,0.5025012493133545,0.453033447265625,0.3689001500606537,0.34995418787002563,0.11676306277513504,0.5428153872489929,0.1321582943201065,0.3170742094516754,0.24063801765441895,0.2727915048599243,0.5303230285644531,0.18606622517108917,0.35438641905784607,0.42894095182418823,0.27724283933639526,0.4325076639652252,0.3243710398674011,0.4060739576816559,0.37266117334365845,0.2880532145500183,0.37585124373435974,0.3413522243499756
Al-Maidah,0.3815096616744995,0.6805043816566467,0.6624621748924255,0.7592729926109314,0.0,0.21155227720737457,0.19342254102230072,0.6533334851264954,0.6178885698318481,0.180238738656044,-0.012170746922492981,-0.017120692878961563,0.3442107141017914,0.1536157727241516,0.23048445582389832,0.4091634154319763,0.26967358589172363,-0.047483161091804504,0.013460236601531506,0.03639417141675949,-0.10362975299358368,0.46233344078063965,0.06064661592245102,0.6500765681266785,0.1809975951910019,0.1750541478395462,0.07767696678638458,0.16841202974319458,0.16474483907222748,0.2469702959060669,0.39361444115638733,0.2670418620109558,0.7975497841835022,0.01743956096470356,0.33144500851631165,0.0703287199139595,-0.04282252490520477,0.02051829732954502,0.0830816701054573,0.0028842200990766287,0.2582458555698395,0.3304487466812134,0.2649141252040863,0.2207367718219757,0.3121125102043152,0.2884851098060608,0.6529581546783447,0.7001805305480957,0.7493276596069336,-0.010153131559491158,0.31102538108825684,0.23922765254974365,0.23327922821044922,0.05190401151776314,0.17302584648132324,0.09664644300937653,0.4656052589416504,0.7178728580474854,0.5759254097938538,0.7165422439575195,0.6726704835891724,0.5790443420410156,0.5571528673171997,0.5557626485824585,0.7178252339363098,0.5732488036155701,0.07917042076587677,0.30711138248443604,0.14201578497886658,0.37625670433044434,0.35482731461524963,0.2952381372451782,0.4427575469017029,0.3148130178451538,0.17664222419261932,0.30103376507759094,0.18933384120464325,0.22213226556777954,0.24468886852264404,0.34934133291244507,0.375566691160202,0.235869362950325,0.3969697654247284,0.3951650559902191,0.4709535837173462,0.34147772192955017,0.3630366027355194,0.3165428936481476,0.3495737910270691,0.4863329529762268,0.3832381069660187,0.36808544397354126,0.4897778332233429,0.4342886209487915,0.4106852114200592,0.34094110131263733,0.178693488240242,0.6259589791297913,0.26870596408843994,0.38465237617492676,0.29573389887809753,0.3720773458480835,0.5065060257911682,0.20316915214061737,0.4104369282722473,0.47684940695762634,0.27627333998680115,0.42594876885414124,0.4488183856010437,0.3758004605770111,0.29506295919418335,0.17991800606250763,0.4334166646003723,0.47540533542633057
Al-Anam,0.5648310780525208,0.13918949663639069,0.1233958825469017,0.08034641295671463,0.21155227720737457,0.0,0.4834613502025604,-0.044688232243061066,-0.0033989795483648777,0.5581111907958984,0.3524493873119354,0.14155681431293488,0.5382543206214905,0.5157407522201538,0.4204220473766327,0.6204423308372498,0.5750575065612793,0.29499131441116333,0.21600459516048431,0.31305521726608276,0.4838199317455292,0.4917997717857361,0.5557152628898621,0.07240959256887436,0.5696917772293091,0.2584306597709656,0.39385804533958435,0.2965974509716034,0.5072142481803894,0.42590171098709106,0.5898929238319397,0.5737480521202087,0.03046964295208454,0.6210894584655762,0.5624406337738037,0.5019443035125732,0.2454141080379486,0.3223244249820709,0.5243788361549377,0.45048150420188904,0.48420149087905884,0.5284271836280823,0.6631839275360107,0.3733689486980438,0.5419281125068665,0.5020183324813843,0.3856997787952423,0.18793036043643951,0.3720420002937317,0.4196694493293762,0.401712030172348,0.5347190499305725,0.5989871621131897,0.46873971819877625,0.28719836473464966,0.47008761763572693,0.15754815936088562,0.21803607046604156,0.33039864897727966,0.28755801916122437,0.29393911361694336,0.47604799270629883,0.4016801714897156,0.43931010365486145,0.2948874235153198,0.10499779880046844,0.4999975860118866,0.39037397503852844,0.4017009437084198,0.38657376170158386,0.42622867226600647,0.5756770372390747,0.24442210793495178,0.5253270268440247,0.49025437235832214,0.331280380487442,0.3785577118396759,0.4028627574443817,0.48144131898880005,0.4583950638771057,0.4113197922706604,0.4712165594100952,0.35228922963142395,0.5174747705459595,0.3995472192764282,0.5254293084144592,0.5360631346702576,0.4003417193889618,0.3649034798145294,0.39089643955230713,0.4420943856239319,0.3453093469142914,0.37178096175193787,0.46079692244529724,0.3373003900051117,0.4821228086948395,0.2994002401828766,0.38234949111938477,0.5540308952331543,0.4006614685058594,0.3561849594116211,0.457820326089859,0.35119378566741943,0.39332816004753113,0.4646955132484436,0.32440489530563354,0.42686766386032104,0.3946765661239624,0.5331050753593445,0.3808647394180298,0.2453448325395584,0.4980236291885376,0.45458781719207764,0.40343084931373596
Al-Araf,0.5302054286003113,0.02657848224043846,0.08903393894433975,-0.09715749323368073,0.19342254102230072,0.4834613502025604,0.0,-0.03881463408470154,-0.13399091362953186,0.5199688673019409,0.6756865382194519,0.4318210184574127,0.15467408299446106,0.632369339466095,0.6469655632972717,0.26610490679740906,0.5868281722068787,0.5571248531341553,0.5210110545158386,0.7641940116882324,0.6992955803871155,0.17733655869960785,0.6361517906188965,0.0513140894472599,0.4855169355869293,0.7709885239601135,0.5608088374137878,0.7295794486999512,0.5549150109291077,0.26970648765563965,0.3367570638656616,0.5183743834495544,0.05493328720331192,0.34334808588027954,0.23465503752231598,0.43892228603363037,0.580193042755127,0.626875102519989,0.26243603229522705,0.501481831073761,0.38366660475730896,0.16090233623981476,0.6583070755004883,0.5504075884819031,0.39731261134147644,0.5842199325561523,0.19656777381896973,0.04907117784023285,0.24447177350521088,0.46744057536125183,0.6480529308319092,0.4691637456417084,0.28790202736854553,0.6288881301879883,0.271516889333725,0.33311331272125244,0.12800318002700806,0.14781658351421356,0.45688849687576294,0.30781131982803345,0.30656471848487854,0.4194946885108948,0.3446616530418396,0.36265087127685547,0.2982373535633087,0.4339383542537689,0.33943429589271545,0.6887902021408081,0.5028175115585327,0.34462910890579224,0.6933377981185913,0.5763610601425171,0.3017113506793976,0.4473094642162323,0.40815868973731995,0.40648508071899414,0.37682926654815674,0.4126793146133423,0.5046321749687195,0.4688833951950073,0.43581974506378174,0.3258417546749115,0.31506648659706116,0.39490118622779846,0.2789769172668457,0.3386143743991852,0.48270100355148315,0.42387568950653076,0.43268007040023804,0.4125903248786926,0.5162771344184875,0.2743259072303772,0.4113856256008148,0.37885868549346924,0.3275659382343292,0.4313978850841522,0.15832097828388214,0.36100658774375916,0.36025407910346985,0.4287157654762268,0.3597865104675293,0.4174332320690155,0.22691553831100464,0.3235378563404083,0.47126880288124084,0.32742375135421753,0.40966930985450745,0.4592297077178955,0.6164842247962952,0.3728421628475189,0.4311930537223816,0.08830948919057846,0.4118793308734894,0.3931286931037903
Al-Anfal,0.26595282554626465,0.5250431299209595,0.6736168265342712,0.7773928642272949,0.6533334851264954,-0.044688232243061066,-0.03881463408470154,0.0,0.874484121799469,0.16129645705223083,-0.06975745409727097,-0.009183124639093876,0.45533981919288635,0.20374087989330292,0.018289953470230103,0.36961236596107483,0.142597958445549,-0.03553125634789467,-0.12792889773845673,-0.11867401748895645,-0.16702358424663544,0.5384936332702637,0.11742758750915527,0.8085528016090393,0.12541049718856812,0.027216993272304535,-0.004424361977726221,0.08253791183233261,0.2320702224969864,0.4862196147441864,0.4470103085041046,0.21782518923282623,0.8538656830787659,0.02653511054813862,0.4653095006942749,0.17527545988559723,0.020285714417696,-0.0641123577952385,0.1748465597629547,0.07340861856937408,0.4445374608039856,0.4494468569755554,0.01810966245830059,0.23689758777618408,0.3605594038963318,0.23763322830200195,0.7315756678581238,0.8389349579811096,0.7239696979522705,0.08603311330080032,0.28457874059677124,0.2697651982307434,0.27498936653137207,0.023751314729452133,0.21170005202293396,0.05542408302426338,0.6659199595451355,0.7938451170921326,0.6768010854721069,0.6683346629142761,0.6845477819442749,0.6358233690261841,0.7146062254905701,0.6063928008079529,0.7451905012130737,0.5320568084716797,0.25466781854629517,0.3333567678928375,0.22064681351184845,0.5023711919784546,0.2358528971672058,0.21974578499794006,0.5327134728431702,0.25890764594078064,0.33300265669822693,0.38197240233421326,0.2878451347351074,0.26885128021240234,0.3193729519844055,0.3973238170146942,0.37358930706977844,0.4044720530509949,0.47601667046546936,0.46920081973075867,0.5536295175552368,0.4330100119113922,0.32118678092956543,0.402862012386322,0.39177796244621277,0.45975562930107117,0.44983816146850586,0.3990328311920166,0.42817071080207825,0.43092697858810425,0.4076900780200958,0.47168290615081787,0.2491462528705597,0.6350119709968567,0.2795136570930481,0.519457995891571,0.42487847805023193,0.3652229607105255,0.5504854917526245,0.3798693120479584,0.4543514847755432,0.48407527804374695,0.3446102738380432,0.37292054295539856,0.3640718162059784,0.4891360402107239,0.5476303100585938,0.1911720633506775,0.40021732449531555,0.4693682789802551
At-Tawbah,0.16540199518203735,0.5545127987861633,0.7137753963470459,0.818102240562439,0.6178885698318481,-0.0033989795483648777,-0.13399091362953186,0.874484121799469,0.0,0.12760812044143677,-0.25025519728660583,-0.17607183754444122,0.4351111948490143,0.05331416055560112,-0.10799422860145569,0.43308231234550476,0.05755138024687767,-0.11345832794904709,-0.26941999793052673,-0.31778639554977417,-0.2550539970397949,0.4957774877548218,0.044429533183574677,0.6891846656799316,0.115766242146492,-0.22033825516700745,-0.19996443390846252,-0.03444931283593178,0.2056961953639984,0.47751757502555847,0.366146981716156,0.14598028361797333,0.8005358576774597,-0.048983536660671234,0.4589209258556366,0.06000123172998428,-0.12794101238250732,-0.2618204355239868,0.14168675243854523,-0.019257904961705208,0.2848132252693176,0.40674564242362976,-0.051325488835573196,0.04760964959859848,0.32735180854797363,0.17697060108184814,0.7571428418159485,0.824881374835968,0.6448768973350525,-0.026394501328468323,0.07650680094957352,0.1348453313112259,0.19409491121768951,-0.10756342858076096,-0.03767537325620651,0.008388733491301537,0.6507053375244141,0.7299517393112183,0.5913252830505371,0.623466968536377,0.588515043258667,0.5148574113845825,0.6407250761985779,0.5157714486122131,0.709522008895874,0.2885451018810272,0.18180857598781586,0.1889863759279251,0.08415774255990982,0.4501041769981384,0.10045306384563446,0.15953049063682556,0.40394356846809387,0.14901995658874512,0.17363230884075165,0.2686309218406677,0.20254714787006378,0.15965847671031952,0.18544404208660126,0.29715272784233093,0.15774913132190704,0.30058565735816956,0.40978512167930603,0.4018436670303345,0.4493977129459381,0.3177526891231537,0.19500787556171417,0.3204497992992401,0.2771504819393158,0.41961681842803955,0.3125557601451874,0.3993591070175171,0.35707443952560425,0.3332776427268982,0.35356375575065613,0.291469931602478,0.08570870012044907,0.5673883557319641,0.1918448954820633,0.3867954909801483,0.32721570134162903,0.3114541172981262,0.5432923436164856,0.275124192237854,0.3217042088508606,0.39505234360694885,0.27344489097595215,0.2738015651702881,0.25050032138824463,0.3135254383087158,0.44356855750083923,0.18407350778579712,0.28581351041793823,0.2371545135974884
Yunus,0.6946271657943726,0.1344819813966751,0.39796915650367737,0.049883849918842316,0.180238738656044,0.5581111907958984,0.5199688673019409,0.16129645705223083,0.12760812044143677,0.0,0.6658515334129333,0.22857992351055145,0.49038493633270264,0.7458264231681824,0.532334566116333,0.5114328861236572,0.6070942878723145,0.39188823103904724,0.4272930920124054,0.5318321585655212,0.599088191986084,0.4280495047569275,0.6411499977111816,0.1443183273077011,0.599481999874115,0.4924609959125519,0.5624831318855286,0.6001297235488892,0.6944822669029236,0.6216540336608887,0.5499533414840698,0.7074914574623108,0.08905515819787979,0.6746233105659485,0.5037692189216614,0.5018094182014465,0.35733407735824585,0.488586962223053,0.6739082932472229,0.795477032661438,0.5733040571212769,0.5592477321624756,0.722112238407135,0.5416743755340576,0.794736921787262,0.818435549736023,0.34357959032058716,0.293685644865036,0.4359499514102936,0.5600868463516235,0.5188632607460022,0.5352994203567505,0.5555233955383301,0.5888158082962036,0.30005377531051636,0.473011314868927,0.40185415744781494,0.24212734401226044,0.5041516423225403,0.4321039021015167,0.5491536855697632,0.6416066884994507,0.6004525423049927,0.532515823841095,0.40784698724746704,0.3135359287261963,0.5612418055534363,0.6439486742019653,0.6179513931274414,0.49355950951576233,0.5186886787414551,0.7107603549957275,0.4151189625263214,0.655465841293335,0.6415085792541504,0.4132981300354004,0.6283579468727112,0.5212857723236084,0.6439927220344543,0.48785653710365295,0.5233817100524902,0.6050574779510498,0.6154978275299072,0.6620544791221619,0.5541738867759705,0.5225067734718323,0.5891660451889038,0.38918888568878174,0.4621739685535431,0.4900720715522766,0.5258457660675049,0.5135130286216736,0.4907977879047394,0.5043072700500488,0.5699238181114197,0.6309522390365601,0.39888954162597656,0.5910530686378479,0.5418024063110352,0.49761465191841125,0.5634959936141968,0.6588383913040161,0.5295581817626953,0.5368654131889343,0.5035869479179382,0.36118602752685547,0.5162782073020935,0.4423927664756775,0.6782262921333313,0.5612306594848633,0.48134374618530273,0.4090108275413513,0.4364659786224365,0.4247490465641022
Hud,0.58831787109375,-0.0926976278424263,0.1079009547829628,-0.17418675124645233,-0.012170746922492981,0.3524493873119354,0.6756865382194519,-0.06975745409727097,-0.25025519728660583,0.6658515334129333,0.0,0.5546900629997253,0.15893559157848358,0.7137706279754639,0.6173684597015381,0.19614645838737488,0.4852050840854645,0.4827912151813507,0.6667054891586304,0.7372004985809326,0.7255586981773376,0.11983740329742432,0.6272733807563782,-0.007329937536269426,0.4994630813598633,0.7766019105911255,0.7303974032402039,0.6973474621772766,0.6631593108177185,0.3014841079711914,0.30813726782798767,0.5053343772888184,0.0023131337948143482,0.5240203142166138,0.22243036329746246,0.38870665431022644,0.6865646839141846,0.6745334267616272,0.474077433347702,0.7096921801567078,0.49241793155670166,0.32213613390922546,0.6315553784370422,0.587459921836853,0.4739895164966583,0.723025918006897,0.050686709582805634,0.048565562814474106,0.24167734384536743,0.5885410904884338,0.627596378326416,0.44342899322509766,0.4413367807865143,0.6949082016944885,0.3943689167499542,0.362772673368454,0.13917478919029236,0.09915474057197571,0.3359103798866272,0.20267972350120544,0.3696505129337311,0.43476513028144836,0.2965798079967499,0.4107936918735504,0.1532525271177292,0.47102096676826477,0.4442792236804962,0.6386504769325256,0.5740872025489807,0.2553756535053253,0.6455196738243103,0.5783777832984924,0.31994158029556274,0.5609729886054993,0.4687635898590088,0.37733009457588196,0.3978957533836365,0.42490705847740173,0.5537084937095642,0.39802438020706177,0.44741514325141907,0.34685027599334717,0.3375622034072876,0.34690868854522705,0.3590734302997589,0.32659533619880676,0.5156309604644775,0.30536383390426636,0.40192797780036926,0.37951648235321045,0.45267975330352783,0.3319244682788849,0.4118066430091858,0.42188727855682373,0.4432333707809448,0.4753178358078003,0.26567941904067993,0.37122270464897156,0.3575620949268341,0.3664695620536804,0.3910970389842987,0.4575398564338684,0.28317275643348694,0.35279586911201477,0.38753512501716614,0.3122936487197876,0.3615700602531433,0.42784231901168823,0.569428563117981,0.4607744514942169,0.3763926029205322,0.351936399936676,0.4276047945022583,0.42820075154304504
Yusuf,0.37461286783218384,0.1684611588716507,0.1362515687942505,-0.026306048035621643,-0.017120692878961563,0.14155681431293488,0.4318210184574127,-0.009183124639093876,-0.17607183754444122,0.22857992351055145,0.5546900629997253,0.0,-0.0758352056145668,0.5386775732040405,0.45402395725250244,-0.0643758550286293,0.38153401017189026,0.6499040722846985,0.6269693374633789,0.596333384513855,0.48512235283851624,-0.057200413197278976,0.39463135600090027,0.21537867188453674,0.06656928360462189,0.542199432849884,0.7714612483978271,0.6694262623786926,0.32440710067749023,0.17977137863636017,0.2856881618499756,0.2822296917438507,0.15477032959461212,0.3368992805480957,0.08698587119579315,0.2786639332771301,0.46786415576934814,0.5553018450737,0.07662264257669449,0.23475521802902222,0.23059207201004028,0.024593137204647064,0.3255652189254761,0.44128742814064026,0.08973314613103867,0.39158332347869873,-0.17318545281887054,0.021398695185780525,0.18998098373413086,0.41665908694267273,0.5516844987869263,0.2612319588661194,0.351982057094574,0.387310266494751,0.434915691614151,0.09130692481994629,0.0005067654419690371,0.13022379577159882,0.18955695629119873,0.1469142884016037,0.3409286141395569,0.3414910137653351,0.20295403897762299,0.286241739988327,0.12038175016641617,0.44561824202537537,0.31150224804878235,0.44062694907188416,0.28085044026374817,0.10037710517644882,0.5582016706466675,0.33140766620635986,0.30537864565849304,0.30867910385131836,0.4656107425689697,0.2607768476009369,0.01740669459104538,0.1941671073436737,0.25737497210502625,0.4339532256126404,0.3824484646320343,0.25968775153160095,0.08012315630912781,0.1587618887424469,0.2131861001253128,0.2646176218986511,0.32818612456321716,0.24495282769203186,0.39964842796325684,0.4187663793563843,0.23742125928401947,-0.02667253091931343,0.3764653503894806,0.44665277004241943,0.295291930437088,0.42819109559059143,0.3915117084980011,0.10837368667125702,0.19377480447292328,0.3472695052623749,0.2175525575876236,0.21683886647224426,0.11265943199396133,0.19241274893283844,0.346714049577713,0.29446515440940857,0.20271141827106476,0.462094783782959,0.38954174518585205,0.392294704914093,0.32456550002098083,0.3959076404571533,0.15304310619831085,0.3138693869113922
Ar-Rad,0.6644046902656555,0.2300044298171997,0.28130659461021423,0.3379416763782501,0.3442107141017914,0.5382543206214905,0.15467408299446106,0.45533981919288635,0.4351111948490143,0.49038493633270264,0.15893559157848358,-0.0758352056145668,0.0,0.5813186764717102,0.42610540986061096,0.8011825680732727,0.5613813400268555,0.2352978140115738,0.24609334766864777,0.14441247284412384,0.2845683991909027,0.862238883972168,0.5292626023292542,0.4423431158065796,0.7125373482704163,0.09709569811820984,0.2912135720252991,0.12183123081922531,0.5464539527893066,0.7362272143363953,0.8236054182052612,0.7094107866287231,0.35034337639808655,0.6435316801071167,0.8723981976509094,0.6715019941329956,0.3186227083206177,0.38445550203323364,0.7522348761558533,0.5456815958023071,0.7247940897941589,0.8199946284294128,0.5104587078094482,0.5436266660690308,0.692848265171051,0.5037885308265686,0.718082070350647,0.657762348651886,0.6076627373695374,0.6373550295829773,0.5069609880447388,0.6678990721702576,0.7441892623901367,0.32272058725357056,0.48136967420578003,0.6348744630813599,0.7036477327346802,0.6220889091491699,0.6687277555465698,0.503114640712738,0.5814311504364014,0.7284829616546631,0.6783530116081238,0.6909189820289612,0.6596770286560059,0.41550302505493164,0.7376039028167725,0.49887794256210327,0.6211715340614319,0.8045624494552612,0.41698354482650757,0.618035614490509,0.6323058009147644,0.6972568035125732,0.6801340579986572,0.7177908420562744,0.6898571848869324,0.7742244005203247,0.7585303783416748,0.6852681040763855,0.6809748411178589,0.806691586971283,0.7125521302223206,0.8247828483581543,0.8035065531730652,0.8416759967803955,0.7302243709564209,0.7536333203315735,0.7028787732124329,0.651955783367157,0.7226577997207642,0.6866012215614319,0.5522999167442322,0.6328572034835815,0.7097603678703308,0.7044661045074463,0.5547335743904114,0.7079816460609436,0.7723386883735657,0.7369154095649719,0.7368909120559692,0.579035758972168,0.6903933882713318,0.7688658833503723,0.7648946642875671,0.5740175843238831,0.6647505164146423,0.5631760358810425,0.6437453031539917,0.6560066342353821,0.599835216999054,0.596556544303894,0.6932998299598694,0.6769976615905762
Ibrahim,0.8392248749732971,0.1342749148607254,0.3123735189437866,0.07027309387922287,0.1536157727241516,0.5157407522201538,0.632369339466095,0.20374087989330292,0.05331416055560112,0.7458264231681824,0.7137706279754639,0.5386775732040405,0.5813186764717102,0.0,0.6947463154792786,0.5164125561714172,0.752676784992218,0.5831845998764038,0.6914947032928467,0.6747593879699707,0.6876118183135986,0.5197775363922119,0.7290714979171753,0.32864686846733093,0.6523664593696594,0.6291065812110901,0.7639907002449036,0.6900017857551575,0.7429535388946533,0.6249679327011108,0.7219376564025879,0.743256151676178,0.22533392906188965,0.7055544257164001,0.6283730268478394,0.6518205404281616,0.6166836023330688,0.7375456094741821,0.6765874028205872,0.7682587504386902,0.6875079870223999,0.6148271560668945,0.7344030737876892,0.7434317469596863,0.666545033454895,0.7393063306808472,0.323834627866745,0.38267630338668823,0.5139994025230408,0.7001155018806458,0.7561439275741577,0.6764551997184753,0.7292658090591431,0.6112338900566101,0.5622262954711914,0.5069382786750793,0.4605746865272522,0.4019734859466553,0.6230484247207642,0.4908517003059387,0.6699453592300415,0.7685689330101013,0.6237853765487671,0.691684901714325,0.5104231238365173,0.6223475337028503,0.7051973342895508,0.7464271783828735,0.673321008682251,0.5983154773712158,0.7422143220901489,0.8232157230377197,0.6283425092697144,0.7218635678291321,0.7567211985588074,0.641139805316925,0.5726326107978821,0.6704371571540833,0.7688453793525696,0.7198559641838074,0.6985196471214294,0.6868681311607361,0.5577387809753418,0.6966395378112793,0.6711984872817993,0.7145326137542725,0.750074028968811,0.584774374961853,0.6997522115707397,0.6540852189064026,0.6885855793952942,0.4873891770839691,0.7020346522331238,0.6528525352478027,0.6813845038414001,0.8339383006095886,0.5781223773956299,0.6354473829269409,0.6204760670661926,0.6910503506660461,0.6100902557373047,0.6153726577758789,0.5359196662902832,0.6258457899093628,0.7442682385444641,0.5691097974777222,0.6260560154914856,0.7019962072372437,0.7833161354064941,0.782029390335083,0.6419100761413574,0.5818783044815063,0.6648442149162292,0.7083683013916016
Al-Hijr,0.6998264789581299,0.07017609477043152,0.17853525280952454,-0.01919192261993885,0.23048445582389832,0.4204220473766327,0.6469655632972717,0.018289953470230103,-0.10799422860145569,0.532334566116333,0.6173684597015381,0.45402395725250244,0.42610540986061096,0.6947463154792786,0.0,0.36625099182128906,0.6514114141464233,0.5893343091011047,0.7908871173858643,0.6761764883995056,0.8000146746635437,0.40117019414901733,0.7797272801399231,0.14536593854427338,0.6745983958244324,0.7141411900520325,0.7255162000656128,0.6264814734458923,0.6825343370437622,0.42379894852638245,0.4826529324054718,0.6991115212440491,0.1307390183210373,0.6827245354652405,0.43366411328315735,0.6225335001945496,0.7493873238563538,0.8130053877830505,0.39338555932044983,0.6106454730033875,0.5051374435424805,0.3309481143951416,0.7502455115318298,0.8236014246940613,0.5302764177322388,0.712520182132721,0.20451296865940094,0.18275511264801025,0.35555389523506165,0.7675455212593079,0.8297165632247925,0.6104193329811096,0.5271577835083008,0.7229889035224915,0.4887688159942627,0.6529808640480042,0.2713436484336853,0.27232223749160767,0.505023717880249,0.2621896266937256,0.45657721161842346,0.5584187507629395,0.32788002490997314,0.4080542027950287,0.34922918677330017,0.5609912276268005,0.5722637176513672,0.7022026777267456,0.6938389539718628,0.4704267084598541,0.7227212190628052,0.6936697959899902,0.4991099238395691,0.6449815034866333,0.5934441685676575,0.6577838063240051,0.5661459565162659,0.6767992377281189,0.7169305682182312,0.6006805896759033,0.6570117473602295,0.506504237651825,0.5228317975997925,0.5590025782585144,0.6036615371704102,0.5658391714096069,0.6612935066223145,0.641692578792572,0.588533341884613,0.5983622074127197,0.6034432053565979,0.41786083579063416,0.49408677220344543,0.6187454462051392,0.5648666620254517,0.5244984030723572,0.49894827604293823,0.5598681569099426,0.5488242506980896,0.5356054902076721,0.551342785358429,0.508711576461792,0.5238009095191956,0.5648980736732483,0.6434024572372437,0.4628053903579712,0.4695527255535126,0.5897971391677856,0.7089908719062805,0.5528799891471863,0.4838613271713257,0.44060689210891724,0.40882638096809387,0.53998863697052
