Books,Al-Fatiha,Al-Baqarah,Al Imran,An-Nisa,Al-Maidah,Al-Anam,Al-Araf,Al-Anfal,At-Tawbah,Yunus,Hud,Yusuf,Ar-Rad,Ibrahim,Al-Hijr,An-Nahl,Al-Isra,Al-Kahf,Maryam,Ta-Ha,Al-Anbiya,Al-Hajj,Al-Muminun,An-Nur,Al-Furqan,Ash-Shuara,An-Naml,Al-Qasas,Al-Ankabut,Ar-Rum,Luqmaan,As-Sajda,Al-Ahzaab,Saba (surah),Faatir,Yaseen,As-Saaffaat,Saad,Az-Zumar,Ghafir,Fussilat,Ash_Shooraa,Az-Zukhruf,Ad-Dukhaan,Al-Jaathiyah,Al-Ahqaaf,Muhammad,Al-Fath,Al-Hujuraat,Qaaf,Adh-Dhaariyaat,At-Toor,An-Najm,Al-Qamar,Ar-Rahman,Al-Waqia,Al-Hadeed,Al-Mujadila,Al-Hashr,Al-Mumtahanah,As-Saff,Al-Jumuah,Al-Munafiqoon,At-Taghabun,At-Talaq,At-Tahreem,Al-Mulk,Al-Qalam,Al-Haaqqa,Al-Maaarij,Nooh,Al-Jinn,Al-Muzzammil,Al-Muddaththir,Al-Qiyamah,Al-Insaan,Al-Mursalaat,An-Naba,An-Naaziaat,Abasa,At-Takweer,Al-Infitar,Al-Mutaffifeen,Al-Inshiqaaq,Al-Burooj,At-Taariq,Al-Alaa,Al-Ghaashiyah,Al-Fajr,Al-Balad,Ash-Shams,Al-Layl,Ad-Dhuha,Ash-Sharh,At-Teen,Al-Alaq,Al-Qadr,Al-Bayyinahh,Az-Zalzalah,Al-Aadiyaat,Al-Qaariah,At-Takaathur,Al-Asr,Al-Humazah,Al-Feel,Quraysh,Al-Maaoon,Al-Kawthar,Al-Kaafiroon,An-Nasr,Al-Masad,Al-Ikhlaas,Al-Falaq,Al-Naas
Book document vector lengths,1.4552597,14.821486,9.413361,16.730303,11.792937,10.406548,10.338706,9.865697,14.36786,9.115476,9.210147,14.0314455,7.3968344,6.054308,8.131855,8.126648,8.381509,10.025436,9.198784,10.490792,8.618463,7.6697974,7.221643,11.118266,7.7041664,10.407364,6.942932,9.062419,7.123226,8.204762,6.4410467,5.9727483,11.336207,6.9251375,6.670308,6.6239266,8.552379,8.807566,8.383652,7.3765564,5.7645054,7.4625373,7.0640507,6.0035605,6.6822257,6.5438075,7.2595463,8.153942,6.6708393,6.5557666,5.7299213,5.91778,5.7984686,7.62519,11.254842,7.7055182,7.3353705,6.939695,6.561481,7.320352,5.013109,4.9835186,4.363473,5.749643,6.276368,4.4344487,5.5227313,4.9799585,5.5529156,4.9569836,4.5488367,4.6149826,4.6637235,5.300621,5.353199,5.617475,6.8441367,5.0083027,5.5308714,4.8003035,4.4460883,2.8774638,4.330237,3.5015109,3.558979,2.832463,3.1781344,3.925957,4.0275836,3.7008712,4.5888896,4.2252703,3.0301337,3.0941074,2.424861,4.7863107,2.4948344,4.5332737,2.9907618,3.3708568,3.6692414,3.3163097,1.759951,3.632699,2.3914995,1.9126688,1.9735574,1.173195,2.3126514,1.852777,2.9206738,1.1041335,2.0199318,2.2822127
Book sum of word vector lengths,637.3094452619553,108537.74297980964,64420.794177144766,63165.63843789697,50817.51217666268,57635.31542703509,63783.166603177786,22444.993359714746,45205.56839174032,34310.367806732655,37481.21708524227,34751.25652816892,15844.13880982995,16441.25113284588,13064.088019549847,34066.89862707257,30637.072082817554,30570.97151583433,18510.448002636433,26823.81277513504,23350.756632566452,23734.13033822179,20553.43474161625,23954.282798975706,17795.463395386934,26156.161210000515,22532.151061326265,28198.842715382576,18860.741214245558,16062.299789726734,10021.647141397,7222.859024465084,22958.200988441706,16649.73262745142,14344.398404449224,15473.423157274723,18567.09751930833,14393.951345175505,22999.217887073755,24148.432008057833,15833.250011205673,16559.0788577199,17551.115277290344,6678.704478144646,9946.301133781672,12277.756573349237,10991.635467976332,10644.346931993961,6334.873260319233,7240.2031726539135,7075.798409610987,6345.422549813986,6489.339639663696,7434.575530305505,8169.4228101968765,8011.460176318884,11699.967084527016,8762.31457027793,8681.366548985243,7164.158567368984,3942.6157434880733,3234.0757156312466,3526.827899992466,5222.179934442043,5216.563535302877,4656.09032702446,6754.367220818996,6277.340466707945,5462.749094992876,4076.3372574448586,4182.885735064745,5299.347644656897,3842.629597365856,4676.222334295511,3286.736929655075,4241.654467314482,4020.827522456646,3470.071974426508,4155.700331687927,2896.30233541131,1933.6576156914234,1832.1496911942959,3220.6457291543484,2190.185003608465,2075.4106270372868,1255.7406148910522,1550.286144912243,1640.0291567146778,2702.4061145186424,2532.809968918562,2650.0698077976704,3304.3809112608433,1832.309070944786,1022.1901477575302,1196.0991044342518,2557.9242862164974,1008.9257281124592,3023.653211027384,1463.942475259304,1592.9922122955322,1502.029211819172,1270.0600776970387,585.2417452037334,1154.8722477853298,775.0088766515255,538.3976902067661,887.8450401127338,492.63512778282166,900.6109292507172,628.3465914726257,710.3675000667572,471.32076930999756,713.5724529922009,654.1598627567291

Similarity matrix,Al-Fatiha,Al-Baqarah,Al Imran,An-Nisa,Al-Maidah,Al-Anam,Al-Araf,Al-Anfal,At-Tawbah,Yunus,Hud,Yusuf,Ar-Rad,Ibrahim,Al-Hijr,An-Nahl,Al-Isra,Al-Kahf,Maryam,Ta-Ha,Al-Anbiya,Al-Hajj,Al-Muminun,An-Nur,Al-Furqan,Ash-Shuara,An-Naml,Al-Qasas,Al-Ankabut,Ar-Rum,Luqmaan,As-Sajda,Al-Ahzaab,Saba (surah),Faatir,Yaseen,As-Saaffaat,Saad,Az-Zumar,Ghafir,Fussilat,Ash_Shooraa,Az-Zukhruf,Ad-Dukhaan,Al-Jaathiyah,Al-Ahqaaf,Muhammad,Al-Fath,Al-Hujuraat,Qaaf,Adh-Dhaariyaat,At-Toor,An-Najm,Al-Qamar,Ar-Rahman,Al-Waqia,Al-Hadeed,Al-Mujadila,Al-Hashr,Al-Mumtahanah,As-Saff,Al-Jumuah,Al-Munafiqoon,At-Taghabun,At-Talaq,At-Tahreem,Al-Mulk,Al-Qalam,Al-Haaqqa,Al-Maaarij,Nooh,Al-Jinn,Al-Muzzammil,Al-Muddaththir,Al-Qiyamah,Al-Insaan,Al-Mursalaat,An-Naba,An-Naaziaat,Abasa,At-Takweer,Al-Infitar,Al-Mutaffifeen,Al-Inshiqaaq,Al-Burooj,At-Taariq,Al-Alaa,Al-Ghaashiyah,Al-Fajr,Al-Balad,Ash-Shams,Al-Layl,Ad-Dhuha,Ash-Sharh,At-Teen,Al-Alaq,Al-Qadr,Al-Bayyinahh,Az-Zalzalah,Al-Aadiyaat,Al-Qaariah,At-Takaathur,Al-Asr,Al-Humazah,Al-Feel,Quraysh,Al-Maaoon,Al-Kawthar,Al-Kaafiroon,An-Nasr,Al-Masad,Al-Ikhlaas,Al-Falaq,Al-Naas
Al-Fatiha,0.0,0.14365717768669128,0.433682918548584,0.21694251894950867,0.33504030108451843,0.40645045042037964,0.5031356811523438,0.2548592984676361,0.1542825698852539,0.6411734223365784,0.6488587260246277,0.38055548071861267,0.5823685526847839,0.7460304498672485,0.6433694362640381,0.33187201619148254,0.6151622533798218,0.5399703979492188,0.6491390466690063,0.5780640244483948,0.5664384961128235,0.5081454515457153,0.5674039125442505,0.31006041169166565,0.5923253297805786,0.6247800588607788,0.6509745717048645,0.5987371206283569,0.6617603302001953,0.45650577545166016,0.721795916557312,0.6963861584663391,0.38640671968460083,0.5534607768058777,0.6334139108657837,0.5863121151924133,0.5370462536811829,0.6728646159172058,0.6178692579269409,0.610450267791748,0.7064825892448425,0.65262371301651,0.6273272037506104,0.6413534283638,0.665550947189331,0.7145504355430603,0.4412641227245331,0.4287720024585724,0.5437685251235962,0.6562182307243347,0.5693485140800476,0.710033655166626,0.5320266485214233,0.5189546346664429,0.534285843372345,0.45244890451431274,0.4626367688179016,0.4835456311702728,0.564923882484436,0.4937106966972351,0.653152346611023,0.646016538143158,0.6526100039482117,0.7006120085716248,0.4821180999279022,0.7401654720306396,0.6534454822540283,0.7023218274116516,0.5924804210662842,0.6898062229156494,0.6961609721183777,0.6426278352737427,0.6693907976150513,0.7498044371604919,0.6384320259094238,0.6163331270217896,0.5178492069244385,0.6765815019607544,0.6050626039505005,0.6462898254394531,0.5745177268981934,0.6800541877746582,0.5904659628868103,0.7056339979171753,0.7188682556152344,0.6808837056159973,0.7582557797431946,0.7285505533218384,0.7127218842506409,0.709067702293396,0.50132155418396,0.6306709051132202,0.7680318355560303,0.6595630049705505,0.5978504419326782,0.7216320037841797,0.5368058085441589,0.61045241355896,0.4645276963710785,0.5597832798957825,0.5837984681129456,0.6173558235168457,0.6966646313667297,0.5452948212623596,0.649756133556366,0.5594525933265686,0.6080102324485779,0.7134239673614502,0.724912703037262,0.7401021718978882,0.5869934558868408,0.43131130933761597,0.5848186612129211,0.6597713232040405
Al-Baqarah,0.14365717768669128,0.0,0.60576331615448,0.627929151058197,0.5918972492218018,0.04494057968258858,0.006780758500099182,0.5760326981544495,0.541042149066925,0.12137499451637268,-0.12487257272005081,0.06070121005177498,0.2335279881954193,0.040391698479652405,-0.09205539524555206,0.35865116119384766,-0.037781454622745514,-0.21183733642101288,-0.05382142588496208,-0.10792813450098038,-0.03934599831700325,0.3969234824180603,0.006226653698831797,0.6408810615539551,-0.06012291461229324,0.0801491066813469,0.10285104066133499,-0.05950077250599861,0.2624404728412628,0.29959994554519653,0.4128005802631378,0.1537967473268509,0.5700807571411133,0.05492735654115677,0.3849760890007019,0.061209771782159805,-0.08086500316858292,-0.17919926345348358,-0.06624841690063477,0.07074302434921265,0.12745873630046844,0.31953686475753784,0.07625697553157806,0.08475969731807709,0.23606182634830475,0.017501400783658028,0.41950270533561707,0.49610522389411926,0.5682822465896606,0.04533038288354874,0.257230669260025,0.16009363532066345,0.1834895759820938,-0.07896310091018677,0.14513567090034485,0.13506752252578735,0.4791314899921417,0.6100612878799438,0.4706213176250458,0.5989803671836853,0.4716126620769501,0.4669485092163086,0.4213241934776306,0.5017600655555725,0.6053476333618164,0.31982240080833435,0.19144028425216675,-0.06183416023850441,-0.0030572579707950354,0.1360875964164734,0.2503751814365387,0.3536092936992645,0.36481571197509766,0.1456376016139984,0.18455490469932556,0.20969896018505096,0.08187267929315567,0.18888546526432037,0.02305252104997635,0.4001026451587677,0.3017856180667877,0.21584363281726837,0.025122743099927902,0.11986257135868073,0.26401039958000183,0.17026327550411224,0.3195720911026001,0.2275068312883377,0.16114917397499084,0.2755664587020874,0.13876403868198395,0.17200228571891785,0.35029783844947815,0.2568114697933197,0.20922090113162994,0.28946125507354736,0.21595557034015656,0.37750402092933655,0.18977244198322296,0.19281283020973206,0.15267665684223175,0.3235536217689514,0.32978180050849915,0.17692500352859497,0.1421639770269394,0.43404078483581543,0.3733033835887909,0.017643718048930168,0.2802053987979889,0.32879170775413513,0.29058077931404114,0.3270151615142822,0.17525702714920044,0.31584009528160095
Al Imran,0.433682918548584,0.60576331615448,0.0,0.6055102944374084,0.702726423740387,0.20725388824939728,0.22346454858779907,0.7473909854888916,0.5691120028495789,0.36446312069892883,0.18173900246620178,0.051348455250263214,0.32765233516693115,0.26238539814949036,-0.007585156708955765,0.3992837965488434,-0.10386713594198227,0.053689468652009964,-0.012738536112010479,-0.01847764663398266,0.05405554920434952,0.4567106366157532,0.18826431035995483,0.5930884480476379,0.011377384886145592,0.27248096466064453,0.25432997941970825,0.2639191746711731,0.5064897537231445,0.37914207577705383,0.4837672710418701,0.3303060233592987,0.6282036900520325,0.16775093972682953,0.47558048367500305,0.06104341149330139,0.10610919445753098,-0.019607847556471825,0.2207804024219513,0.4499412775039673,0.30792567133903503,0.5028022527694702,0.2142203450202942,0.20505641400814056,0.5230472683906555,0.3629043698310852,0.6316975355148315,0.6987948417663574,0.6841379404067993,0.08765433728694916,0.3744795620441437,0.2713797688484192,0.21147401630878448,-0.04887831211090088,0.26174160838127136,0.15751217305660248,0.6176020503044128,0.6510223150253296,0.6619387865066528,0.7065920233726501,0.6934015154838562,0.6635618805885315,0.6165394186973572,0.6606643795967102,0.5646709203720093,0.5283017754554749,0.2066306471824646,0.19748103618621826,0.10319153219461441,0.40053999423980713,0.39676401019096375,0.5225905776023865,0.2970578372478485,0.3147093951702118,0.20342962443828583,0.2745095193386078,0.1686292439699173,0.21681419014930725,0.056378450244665146,0.3402631878852844,0.2505308985710144,0.2409844845533371,0.2783997654914856,0.2606891393661499,0.4815676808357239,0.25839805603027344,0.361283540725708,0.3152693212032318,0.27919793128967285,0.43840914964675903,0.19695144891738892,0.19876402616500854,0.411325603723526,0.20764489471912384,0.15701556205749512,0.31691646575927734,0.16957037150859833,0.694385826587677,0.17135772109031677,0.32773557305336,0.28921061754226685,0.45184439420700073,0.5069515705108643,0.20511843264102936,0.27919408679008484,0.515574038028717,0.504673182964325,0.25259697437286377,0.5287364721298218,0.5258698463439941,0.4074397385120392,0.2976653277873993,0.3697974383831024,0.4946220815181732
An-Nisa,0.21694251894950867,0.627929151058197,0.6055102944374084,0.0,0.7788990139961243,0.014983631670475006,-0.24093365669250488,0.7265380024909973,0.7537755370140076,-0.07492386549711227,-0.20898029208183289,-0.0736585184931755,0.3044258952140808,0.023521779105067253,-0.1281874030828476,0.49886372685432434,0.07504536211490631,-0.04672468081116676,-0.0229740422219038,-0.28394815325737,-0.09621666371822357,0.5376492142677307,-0.06451744586229324,0.8048059344291687,0.050569240003824234,-0.1806211918592453,-0.15188713371753693,-0.13015155494213104,0.07792645692825317,0.2042279690504074,0.34210172295570374,0.1481146663427353,0.7948765158653259,0.08805257827043533,0.4864843785762787,0.003667954122647643,-0.0970560610294342,-0.24536320567131042,0.038148730993270874,0.022038936614990234,0.18646322190761566,0.5055217742919922,0.052331093698740005,0.0702771469950676,0.23433886468410492,0.07062384486198425,0.6024385690689087,0.7749626040458679,0.6910672783851624,-0.05222702771425247,0.11567827314138412,0.1554555594921112,0.11040820181369781,-0.1328645646572113,0.10887109488248825,0.04437395930290222,0.6083839535713196,0.7564225792884827,0.6339945197105408,0.8180444836616516,0.48934850096702576,0.5086926817893982,0.6175756454467773,0.5262688398361206,0.7600268721580505,0.3910650908946991,0.19279004633426666,-0.020007973536849022,-0.07263249903917313,0.3306439220905304,0.3767983913421631,0.44788146018981934,0.35473552346229553,0.2099725306034088,0.12249632924795151,0.28007158637046814,0.040339671075344086,0.2743183374404907,-0.008174283429980278,0.38992565870285034,0.15419211983680725,0.2672131657600403,0.0722862258553505,0.08955658972263336,0.3912346661090851,0.25772544741630554,0.3159645199775696,0.2887248992919922,-0.00908990390598774,0.38603752851486206,0.03993193432688713,0.19620724022388458,0.37741705775260925,0.25469112396240234,0.11470083147287369,0.3033146560192108,0.151224747300148,0.43720129132270813,0.2409420609474182,0.22262093424797058,0.18442818522453308,0.2825983166694641,0.41371017694473267,0.23831558227539062,0.12762291729450226,0.46219491958618164,0.5141077041625977,0.23447354137897491,0.28963470458984375,0.3301141560077667,0.34341272711753845,0.2733996510505676,0.23972147703170776,0.28863605856895447
Al-Maidah,0.33504030108451843,0.5918972492218018,0.702726423740387,0.7788990139961243,0.0,0.11509107798337936,0.02443990856409073,0.7574137449264526,0.6766902804374695,0.1336131989955902,-0.01876039244234562,0.05746643617749214,0.32365211844444275,0.18233932554721832,-0.004705453757196665,0.4079641103744507,-0.027484308928251266,0.06405631452798843,0.002218681387603283,-0.11650193482637405,0.0039465222507715225,0.5078561305999756,0.0412033349275589,0.8025419116020203,0.014416281133890152,0.15320253372192383,0.09000153094530106,0.10188840329647064,0.2342638522386551,0.23953109979629517,0.3790414333343506,0.2407347410917282,0.7792527079582214,0.08999134600162506,0.4244968295097351,0.05356618016958237,-0.028194688260555267,-0.09574651718139648,0.01567895896732807,0.25633686780929565,0.2708682119846344,0.4165382981300354,0.2063342183828354,0.19062137603759766,0.34617215394973755,0.30914807319641113,0.5750404000282288,0.7188979387283325,0.7334700226783752,0.07731728255748749,0.4030849039554596,0.24075257778167725,0.11749196797609329,0.03861178830265999,0.24982857704162598,0.1353008896112442,0.5557469129562378,0.7099637985229492,0.6915724277496338,0.8283982276916504,0.6634819507598877,0.6153450012207031,0.6574097871780396,0.5830827355384827,0.6140403747558594,0.5701809525489807,0.13160747289657593,0.11374791711568832,0.08591465651988983,0.37126877903938293,0.4107045829296112,0.42429327964782715,0.3953164517879486,0.2728056311607361,0.13503579795360565,0.2418397068977356,0.20861077308654785,0.2206539362668991,0.01571018621325493,0.38781389594078064,0.2507888972759247,0.259838342666626,0.22721368074417114,0.08950706571340561,0.5006158947944641,0.2779354155063629,0.3247189223766327,0.3246222734451294,0.19024717807769775,0.43065345287323,0.13051865994930267,0.0830402672290802,0.35584431886672974,0.24755115807056427,0.13606642186641693,0.2796821594238281,0.2885914742946625,0.5856001973152161,0.1273663491010666,0.29699471592903137,0.1873641163110733,0.36773785948753357,0.4746681749820709,0.23135416209697723,0.25433650612831116,0.5550271272659302,0.6027218699455261,0.15441536903381348,0.4335140585899353,0.4337253272533417,0.33175304532051086,0.17562897503376007,0.30702245235443115,0.4775824546813965
Al-Anam,0.40645045042037964,0.04494057968258858,0.20725388824939728,0.014983631670475006,0.11509107798337936,0.0,0.4165136218070984,0.10288858413696289,0.007309462875127792,0.635542631149292,0.3564603924751282,0.12862835824489594,0.5496377348899841,0.4375549852848053,0.2711881697177887,0.5871994495391846,0.40608206391334534,0.30130040645599365,0.09898483008146286,0.17793670296669006,0.4620647132396698,0.40440499782562256,0.5585215091705322,0.15220500528812408,0.3799174129962921,0.12497294694185257,0.45573654770851135,0.27773603796958923,0.43733182549476624,0.5958741307258606,0.463323712348938,0.5168057084083557,-0.06428304314613342,0.6157138347625732,0.5499277710914612,0.49575075507164,0.18829850852489471,0.20340707898139954,0.5603338479995728,0.5171903371810913,0.6135421991348267,0.46743056178092957,0.5131920576095581,0.36073681712150574,0.602980375289917,0.4360409080982208,0.4030723571777344,0.20364536345005035,0.3740953207015991,0.42113322019577026,0.4109981060028076,0.4404410123825073,0.5011647343635559,0.18781352043151855,0.35064366459846497,0.38165706396102905,0.22112885117530823,0.2640913426876068,0.30708590149879456,0.17422376573085785,0.34372127056121826,0.4609135091304779,0.2733043134212494,0.35174980759620667,0.2078961282968521,0.27107909321784973,0.4231688976287842,0.35872215032577515,0.3749792277812958,0.4099510908126831,0.1593291461467743,0.5166208148002625,0.24108768999576569,0.44772133231163025,0.44420382380485535,0.241740420460701,0.3924970030784607,0.35672053694725037,0.30078577995300293,0.3598485589027405,0.38075631856918335,0.4013090133666992,0.5141598582267761,0.36461731791496277,0.3909933269023895,0.4521300494670868,0.3811196982860565,0.3841657340526581,0.41216713190078735,0.412054181098938,0.2945173680782318,0.283553808927536,0.3202608823776245,0.361153244972229,0.359263151884079,0.4749552309513092,0.3615679442882538,0.37487050890922546,0.3065361976623535,0.40610840916633606,0.29980647563934326,0.4244455397129059,0.3866835832595825,0.37085142731666565,0.40910786390304565,0.17558488249778748,0.3995998501777649,0.1349503993988037,0.5071321725845337,0.2963581085205078,0.27156195044517517,0.3466024696826935,0.38586828112602234,0.3067719042301178
Al-Araf,0.5031356811523438,0.006780758500099182,0.22346454858779907,-0.24093365669250488,0.02443990856409073,0.4165136218070984,0.0,0.05142325535416603,-0.11645058542490005,0.6066645383834839,0.6417367458343506,0.40276089310646057,0.12153177708387375,0.6424260139465332,0.5227958559989929,0.2411922961473465,0.4401979446411133,0.4889567196369171,0.42727896571159363,0.6559481024742126,0.602981448173523,0.16915592551231384,0.6720381379127502,-0.09211034327745438,0.3619709610939026,0.7503452897071838,0.7405312657356262,0.7189430594444275,0.646893322467804,0.411271870136261,0.25145387649536133,0.5792325735092163,0.0050070760771632195,0.4150785505771637,0.3031039237976074,0.4998466372489929,0.6362564563751221,0.5243633985519409,0.2706246078014374,0.5297608375549316,0.46453356742858887,0.17859332263469696,0.6024947762489319,0.5916838645935059,0.48752033710479736,0.567574143409729,0.2673273980617523,0.12136464565992355,0.264257550239563,0.4769524037837982,0.6506436467170715,0.4428062438964844,0.2768597900867462,0.539266049861908,0.3649188280105591,0.4696744680404663,0.13783451914787292,0.12128938734531403,0.27703607082366943,0.09773901104927063,0.41230350732803345,0.33799460530281067,0.2567463517189026,0.34545883536338806,0.10973997414112091,0.43759772181510925,0.37883272767066956,0.6220969557762146,0.46629342436790466,0.41500768065452576,0.48945152759552,0.3124043345451355,0.1539377123117447,0.3866325318813324,0.3735889792442322,0.3497524559497833,0.4740264415740967,0.34727802872657776,0.3915632963180542,0.30356523394584656,0.28809043765068054,0.1890498250722885,0.39432060718536377,0.4150539040565491,0.27661338448524475,0.26831889152526855,0.33020123839378357,0.4204649031162262,0.5754604935646057,0.3862899839878082,0.4241997301578522,0.2379920482635498,0.3078841269016266,0.3103004992008209,0.3843756914138794,0.29606133699417114,0.20128625631332397,0.39219093322753906,0.26132887601852417,0.3227970004081726,0.29278308153152466,0.3932684063911438,0.40030592679977417,0.23155957460403442,0.6574435234069824,0.350225567817688,0.1848706305027008,0.3544008135795593,0.4799031913280487,0.28999048471450806,0.3583126366138458,0.05411618575453758,0.31108495593070984,0.30806997418403625
Al-Anfal,0.2548592984676361,0.5760326981544495,0.7473909854888916,0.7265380024909973,0.7574137449264526,0.10288858413696289,0.05142325535416603,0.0,0.8417045474052429,0.19231486320495605,0.008067559450864792,-0.004831991158425808,0.3276698887348175,0.2660793662071228,-0.024388449266552925,0.6037995219230652,-0.06894391030073166,-0.016724968329072,-0.020830493420362473,-0.12422628700733185,-0.046205174177885056,0.6673406362533569,0.15612389147281647,0.8235653042793274,0.027766598388552666,0.15480345487594604,0.1095137968659401,0.11899315565824509,0.4050779342651367,0.4492489695549011,0.4301294982433319,0.39011314511299133,0.7981363534927368,0.22448618710041046,0.5191168785095215,0.09962505847215652,0.034591224044561386,-0.10596171766519547,0.1650179624557495,0.31173500418663025,0.3279101550579071,0.484398752450943,0.15226434171199799,0.27954408526420593,0.4636092185974121,0.29969707131385803,0.7704192996025085,0.8557670712471008,0.8033703565597534,0.05451367050409317,0.3913419246673584,0.17554236948490143,0.2121468186378479,0.06765228509902954,0.27374330163002014,0.19812826812267303,0.7522973418235779,0.8234928250312805,0.7894202470779419,0.797075092792511,0.7165563106536865,0.7194894552230835,0.7212358117103577,0.7500288486480713,0.7235344648361206,0.5359900593757629,0.30928102135658264,0.15801271796226501,0.17341110110282898,0.4098738729953766,0.4799213111400604,0.38039812445640564,0.38790401816368103,0.29386261105537415,0.2718603014945984,0.36023616790771484,0.25563332438468933,0.31591275334358215,0.14736711978912354,0.4295215308666229,0.30100736021995544,0.32277655601501465,0.25566259026527405,0.2925356924533844,0.5257871747016907,0.25712040066719055,0.3938518166542053,0.38358983397483826,0.2178604006767273,0.4660652279853821,0.2703903019428253,0.2413765788078308,0.3543791174888611,0.29981639981269836,0.11770707368850708,0.31414297223091125,0.1789027452468872,0.6259012818336487,0.24964110553264618,0.4671613574028015,0.3405733108520508,0.5081199407577515,0.5201953053474426,0.3405620753765106,0.32152944803237915,0.5527934432029724,0.5418845415115356,0.21404647827148438,0.441262423992157,0.505542516708374,0.44425278902053833,0.2442895919084549,0.35320383310317993,0.49591532349586487
At-Tawbah,0.1542825698852539,0.541042149066925,0.5691120028495789,0.7537755370140076,0.6766902804374695,0.007309462875127792,-0.11645058542490005,0.8417045474052429,0.0,0.052625395357608795,-0.13914595544338226,-0.09656970947980881,0.32506853342056274,0.08405758440494537,-0.11044507473707199,0.4781804084777832,-0.01815131865441799,-0.12222512066364288,-0.08898153901100159,-0.24481907486915588,-0.12826693058013916,0.5647345185279846,-0.0032065645791590214,0.7831053137779236,0.10051918774843216,-0.06724970042705536,-0.05153642222285271,-0.026480844244360924,0.27190858125686646,0.3297666013240814,0.3171660900115967,0.2762612998485565,0.7785353660583496,0.18742157518863678,0.4638407230377197,0.0240382831543684,-0.0634649246931076,-0.2266426682472229,0.03927669674158096,0.1335308700799942,0.2589358985424042,0.4021011292934418,0.04495220258831978,0.1339511126279831,0.34666791558265686,0.1650790572166443,0.7298914790153503,0.8540265560150146,0.647068202495575,0.016435200348496437,0.19260306656360626,0.13006292283535004,0.13621138036251068,-0.00043344474397599697,0.03785967454314232,0.08600036799907684,0.6858354210853577,0.790320873260498,0.7054820656776428,0.7381805777549744,0.6143275499343872,0.556060791015625,0.7045297622680664,0.6261186003684998,0.7122853994369507,0.442848801612854,0.29356274008750916,0.06854061782360077,0.05822604522109032,0.310206800699234,0.3351786732673645,0.3821226954460144,0.3346830904483795,0.2234291285276413,0.20321135222911835,0.28026336431503296,0.10010696947574615,0.25970280170440674,0.06245162710547447,0.3826361894607544,0.19076596200466156,0.30314216017723083,0.15307146310806274,0.19476670026779175,0.42454150319099426,0.14938576519489288,0.3402116298675537,0.28212234377861023,0.010417783632874489,0.3489857316017151,0.18294411897659302,0.23179566860198975,0.30060821771621704,0.24846358597278595,0.05777613818645477,0.1997491419315338,0.0808335468173027,0.5408793091773987,0.17694061994552612,0.33108124136924744,0.28526172041893005,0.35229408740997314,0.41756829619407654,0.26911985874176025,0.17970086634159088,0.39378052949905396,0.4986882209777832,0.07813234627246857,0.3103654980659485,0.3413791060447693,0.38808897137641907,0.17422758042812347,0.19864943623542786,0.270498663187027
Yunus,0.6411734223365784,0.12137499451637268,0.36446312069892883,-0.07492386549711227,0.1336131989955902,0.635542631149292,0.6066645383834839,0.19231486320495605,0.052625395357608795,0.0,0.6244844794273376,0.15821082890033722,0.46181952953338623,0.6110877990722656,0.46293801069259644,0.37581872940063477,0.41246309876441956,0.30583176016807556,0.26512381434440613,0.5055778622627258,0.5290054082870483,0.3788958787918091,0.6546056270599365,0.11008825153112411,0.4977034628391266,0.550242006778717,0.6939045190811157,0.4847937822341919,0.724766731262207,0.6032209992408752,0.5274020433425903,0.7194139957427979,0.048462722450494766,0.6828475594520569,0.47914919257164,0.5423953533172607,0.3788921535015106,0.42795315384864807,0.6336479187011719,0.7196633815765381,0.7532095313072205,0.4819527268409729,0.5930015444755554,0.5174809694290161,0.7794332504272461,0.7100870609283447,0.44907867908477783,0.201461061835289,0.358211874961853,0.5786594152450562,0.5245665311813354,0.5023131966590881,0.40316906571388245,0.48089203238487244,0.4285922646522522,0.4981171488761902,0.29268595576286316,0.2896796762943268,0.3165346086025238,0.2865196764469147,0.5049886703491211,0.5244062542915344,0.4149673283100128,0.5526584982872009,0.147797629237175,0.3561719059944153,0.5781092643737793,0.5266543030738831,0.6025895476341248,0.4570189118385315,0.3551984131336212,0.5276914834976196,0.36956748366355896,0.531722903251648,0.5087681412696838,0.31628820300102234,0.5709308981895447,0.5031225681304932,0.41707316040992737,0.35449567437171936,0.43349555134773254,0.5184910297393799,0.6124293804168701,0.5595574378967285,0.4193171560764313,0.48787999153137207,0.47496360540390015,0.43890732526779175,0.5278995037078857,0.35846269130706787,0.35227224230766296,0.4480189085006714,0.5167285203933716,0.48847565054893494,0.49580684304237366,0.4488070607185364,0.41635608673095703,0.47789087891578674,0.33978915214538574,0.3953006863594055,0.5408704876899719,0.6407042741775513,0.43613818287849426,0.36133772134780884,0.4340395927429199,0.14002077281475067,0.3291688859462738,0.21573907136917114,0.6419640183448792,0.4328264594078064,0.2908211648464203,0.37389928102493286,0.42231836915016174,0.4042927622795105
Hud,0.6488587260246277,-0.12487257272005081,0.18173900246620178,-0.20898029208183289,-0.01876039244234562,0.3564603924751282,0.6417367458343506,0.008067559450864792,-0.13914595544338226,0.6244844794273376,0.0,0.521815836429596,0.28461503982543945,0.6081251502037048,0.6907809972763062,0.09104223549365997,0.4095715284347534,0.5587530136108398,0.5655975937843323,0.6744149327278137,0.6274219751358032,0.19242797791957855,0.5856725573539734,-0.07496786117553711,0.39650318026542664,0.6734960675239563,0.7372127175331116,0.7110127806663513,0.6524629592895508,0.29038360714912415,0.4580211043357849,0.5380898714065552,0.0898471400141716,0.5006621479988098,0.3477262258529663,0.4723356366157532,0.6222139596939087,0.7354457974433899,0.5403850078582764,0.5867857933044434,0.45658645033836365,0.3598938584327698,0.6267600655555725,0.5883094668388367,0.44730472564697266,0.6407904028892517,0.15098874270915985,0.058917827904224396,0.18662427365779877,0.5624279975891113,0.5812244415283203,0.558937132358551,0.4145694375038147,0.6168800592422485,0.3855472803115845,0.30705204606056213,-0.0008597334381192923,0.1585923284292221,0.2874305248260498,0.17774443328380585,0.3422107994556427,0.3372293710708618,0.3388556241989136,0.3874861001968384,0.08426335453987122,0.4773668348789215,0.4835965931415558,0.6578238606452942,0.5337079167366028,0.5152838826179504,0.5337390899658203,0.3977506756782532,0.19017814099788666,0.4465988874435425,0.46118441224098206,0.40542253851890564,0.3608187735080719,0.3768366575241089,0.49685561656951904,0.3826010227203369,0.4309755861759186,0.3603244423866272,0.5348504781723022,0.5468620657920837,0.40862616896629333,0.42979708313941956,0.3665258288383484,0.5377320051193237,0.6866138577461243,0.3497938811779022,0.5084939002990723,0.37262222170829773,0.3652503490447998,0.599307656288147,0.288758784532547,0.468694269657135,0.2610144019126892,0.3841368556022644,0.2158598005771637,0.33914434909820557,0.32008597254753113,0.4294915497303009,0.3288133442401886,0.26467064023017883,0.5870896577835083,0.3095773458480835,0.304849237203598,0.41371574997901917,0.4551932215690613,0.5247890949249268,0.4041111469268799,0.3123013377189636,0.35662901401519775,0.4167734384536743
Yusuf,0.38055548071861267,0.06070121005177498,0.051348455250263214,-0.0736585184931755,0.05746643617749214,0.12862835824489594,0.40276089310646057,-0.004831991158425808,-0.09656970947980881,0.15821082890033722,0.521815836429596,0.0,-0.03760327398777008,0.3759639263153076,0.4287315011024475,-0.013906198553740978,0.3062395453453064,0.4654556214809418,0.6162312626838684,0.5892459750175476,0.5495597720146179,0.022508101537823677,0.33216261863708496,0.027574433013796806,0.10878419876098633,0.5412374138832092,0.6158739328384399,0.646470308303833,0.24724453687667847,-0.014932059682905674,0.356719970703125,0.23951275646686554,0.20611019432544708,0.23021462559700012,0.19068533182144165,0.43887975811958313,0.5259962677955627,0.5444010496139526,0.253215491771698,0.20893703401088715,0.14045362174510956,0.09195274859666824,0.4366612136363983,0.3474445044994354,0.1251053661108017,0.32634562253952026,-0.05755837261676788,0.008379609324038029,0.2887415289878845,0.4165530204772949,0.43448325991630554,0.355749249458313,0.4728243947029114,0.3698290288448334,0.25993674993515015,0.1364155113697052,-0.08826987445354462,0.2037672996520996,0.23349614441394806,0.12198087573051453,0.3408108353614807,0.22102151811122894,0.32550761103630066,0.2938798666000366,0.11480250954627991,0.4973362684249878,0.34922897815704346,0.4327782988548279,0.40729111433029175,0.22881798446178436,0.4490134119987488,0.2572021782398224,0.2024119347333908,0.3208535611629486,0.46715205907821655,0.21457214653491974,0.2610540986061096,0.1675199717283249,0.4733196496963501,0.46796372532844543,0.37024009227752686,0.2758252024650574,0.18989600241184235,0.4761318564414978,0.22607263922691345,0.38568007946014404,0.3467840850353241,0.44464847445487976,0.5788771510124207,0.24879199266433716,0.5126236081123352,0.30669355392456055,0.28978416323661804,0.43885740637779236,0.17982827126979828,0.5885425209999084,0.21411868929862976,0.059036169201135635,0.24956285953521729,0.37376269698143005,0.11341867595911026,0.3281993567943573,0.14784342050552368,0.32487618923187256,0.5291079878807068,0.335125207901001,0.17220906913280487,0.34739983081817627,0.2729976773262024,0.468982994556427,0.37802693247795105,0.3457532525062561,0.1322832852602005,0.2569413185119629
Ar-Rad,0.5823685526847839,0.2335279881954193,0.32765233516693115,0.3044258952140808,0.32365211844444275,0.5496377348899841,0.12153177708387375,0.3276698887348175,0.32506853342056274,0.46181952953338623,0.28461503982543945,-0.03760327398777008,0.0,0.46034377813339233,0.42551931738853455,0.5843170881271362,0.4495372474193573,0.28568780422210693,0.23856121301651,0.09964269399642944,0.28898680210113525,0.738341748714447,0.42110705375671387,0.48177140951156616,0.6432328820228577,0.12822915613651276,0.3619116544723511,0.15515506267547607,0.5124363899230957,0.6833008527755737,0.7493162751197815,0.5892767906188965,0.21095308661460876,0.5723949074745178,0.7318775653839111,0.4529082179069519,0.21478654444217682,0.34726470708847046,0.6259509325027466,0.4923105835914612,0.7039329409599304,0.7580060362815857,0.388847678899765,0.5152246356010437,0.6541643738746643,0.40952950716018677,0.5600999593734741,0.5000232458114624,0.4329826533794403,0.6066561341285706,0.48526284098625183,0.6616734862327576,0.6502112746238708,0.287271112203598,0.5234954953193665,0.5564210414886475,0.5380472540855408,0.5132094621658325,0.61555016040802,0.35818615555763245,0.49684175848960876,0.7328510284423828,0.4951343834400177,0.5917670130729675,0.540822446346283,0.45926690101623535,0.6147230863571167,0.4162096083164215,0.37892434000968933,0.6249801516532898,0.29507172107696533,0.5390855669975281,0.7020431160926819,0.6723440885543823,0.6201392412185669,0.6341773271560669,0.5365859270095825,0.638944149017334,0.5441898703575134,0.5824540257453918,0.7090957760810852,0.7224660515785217,0.7025649547576904,0.6019962430000305,0.7952979207038879,0.7131677865982056,0.6850976347923279,0.6444634795188904,0.5697548985481262,0.7307736277580261,0.42730405926704407,0.5282332301139832,0.6045132875442505,0.5219721794128418,0.6007667183876038,0.5710333585739136,0.614102303981781,0.6483103036880493,0.5434770584106445,0.6715441346168518,0.634056806564331,0.5864644050598145,0.7025136947631836,0.6427680850028992,0.4574233889579773,0.44243133068084717,0.6227063536643982,0.2990771234035492,0.4972563087940216,0.5329731702804565,0.49383077025413513,0.45648160576820374,0.7077800631523132,0.6720392107963562
Ibrahim,0.7460304498672485,0.040391698479652405,0.26238539814949036,0.023521779105067253,0.18233932554721832,0.4375549852848053,0.6424260139465332,0.2660793662071228,0.08405758440494537,0.6110877990722656,0.6081251502037048,0.3759639263153076,0.46034377813339233,0.0,0.6682349443435669,0.5014007687568665,0.6244632601737976,0.6699391007423401,0.5730060338973999,0.6933424472808838,0.5526392459869385,0.5865369439125061,0.6482653021812439,0.294888973236084,0.6100841164588928,0.6142243146896362,0.7151505351066589,0.6497910618782043,0.5980532765388489,0.5918078422546387,0.6138001680374146,0.7404074668884277,0.2642173767089844,0.6027174592018127,0.6390793323516846,0.6299105882644653,0.5780364871025085,0.6993870139122009,0.6250024437904358,0.6858860850334167,0.6420907378196716,0.5619015693664551,0.6259543299674988,0.7982258796691895,0.6765583157539368,0.6669974327087402,0.41624322533607483,0.34536635875701904,0.48098379373550415,0.7207019329071045,0.6778583526611328,0.6143286228179932,0.5192155838012695,0.6426727771759033,0.6714370846748352,0.5987403392791748,0.3953964412212372,0.44065412878990173,0.5310866832733154,0.31839677691459656,0.5693201422691345,0.5633922219276428,0.5056283473968506,0.6222859621047974,0.4702627658843994,0.6745414733886719,0.5902801156044006,0.7421279549598694,0.6191628575325012,0.7510890364646912,0.7613674402236938,0.47532981634140015,0.6363725662231445,0.7625744938850403,0.7012399435043335,0.7276947498321533,0.6467682123184204,0.6745111346244812,0.6464605331420898,0.631488025188446,0.6053823828697205,0.5134071707725525,0.657753050327301,0.666526198387146,0.6059388518333435,0.6695166230201721,0.6536056995391846,0.7705041766166687,0.77171790599823,0.6572361588478088,0.5879644155502319,0.5583875775337219,0.5973208546638489,0.6668729782104492,0.4989432990550995,0.5513173937797546,0.5423734784126282,0.45294100046157837,0.493032306432724,0.6779621839523315,0.6228579878807068,0.5641152858734131,0.6263723969459534,0.6674972772598267,0.7263931035995483,0.5881057977676392,0.4407281279563904,0.6352556943893433,0.6169902086257935,0.56948322057724,0.6773617267608643,0.35565969347953796,0.5249481797218323,0.6011958122253418
Al-Hijr,0.6433694362640381,-0.09205539524555206,-0.007585156708955765,-0.1281874030828476,-0.004705453757196665,0.2711881697177887,0.5227958559989929,-0.024388449266552925,-0.11044507473707199,0.46293801069259644,0.6907809972763062,0.4287315011024475,0.42551931738853455,0.6682349443435669,0.0,0.16282233595848083,0.6817747354507446,0.6836875081062317,0.8150649666786194,0.7556896209716797,0.6594534516334534,0.35748156905174255,0.5998092889785767,-0.04275861009955406,0.6807977557182312,0.6774404048919678,0.7341066598892212,0.6430038213729858,0.5338790416717529,0.373026579618454,0.48110654950141907,0.6282768845558167,0.11555235832929611,0.6330285668373108,0.49807700514793396,0.6541633605957031,0.7354997396469116,0.8121351599693298,0.4624609053134918,0.45711201429367065,0.5717755556106567,0.4020094573497772,0.6425046920776367,0.7608808875083923,0.40628179907798767,0.6448695659637451,0.10101253539323807,0.04773544892668724,0.1625959724187851,0.7645397186279297,0.7442254424095154,0.6539689898490906,0.5515158772468567,0.7393966317176819,0.40791982412338257,0.5639605522155762,0.07403571158647537,0.21621038019657135,0.3461452126502991,0.052654486149549484,0.2853735387325287,0.36202770471572876,0.3237842321395874,0.3272448778152466,0.18653106689453125,0.5014744997024536,0.6291866302490234,0.7264151573181152,0.6961478590965271,0.6508044004440308,0.5811986327171326,0.330730676651001,0.3925228416919708,0.6229860186576843,0.6008087992668152,0.6269378066062927,0.5936971306800842,0.6044030785560608,0.7489777207374573,0.5478993058204651,0.6214416027069092,0.5091702342033386,0.6401110291481018,0.6578255891799927,0.5534376502037048,0.6060630679130554,0.591392993927002,0.7136591076850891,0.7482736110687256,0.5664457082748413,0.6707349419593811,0.4675617814064026,0.4293021857738495,0.5775635838508606,0.5472418665885925,0.4810294806957245,0.5275947451591492,0.37550559639930725,0.45648935437202454,0.5183120369911194,0.45551973581314087,0.4347781240940094,0.5031495690345764,0.5113091468811035,0.7035123705863953,0.4035123884677887,0.3841199278831482,0.48020094633102417,0.38644760847091675,0.450410395860672,0.4563720226287842,0.3650592863559723,0.5386427044868469,0.5144507884979248
