Books,Al-Fatiha,Al-Baqarah,Al Imran,An-Nisa,Al-Maidah,Al-Anam,Al-Araf,Al-Anfal,At-Tawbah,Yunus,Hud,Yusuf,Ar-Rad,Ibrahim,Al-Hijr,An-Nahl,Al-Isra,Al-Kahf,Maryam,Ta-Ha,Al-Anbiya,Al-Hajj,Al-Muminun,An-Nur,Al-Furqan,Ash-Shuara,An-Naml,Al-Qasas,Al-Ankabut,Ar-Rum,Luqmaan,As-Sajda,Al-Ahzaab,Saba (surah),Faatir,Yaseen,As-Saaffaat,Saad,Az-Zumar,Ghafir,Fussilat,Ash_Shooraa,Az-Zukhruf,Ad-Dukhaan,Al-Jaathiyah,Al-Ahqaaf,Muhammad,Al-Fath,Al-Hujuraat,Qaaf,Adh-Dhaariyaat,At-Toor,An-Najm,Al-Qamar,Ar-Rahman,Al-Waqia,Al-Hadeed,Al-Mujadila,Al-Hashr,Al-Mumtahanah,As-Saff,Al-Jumuah,Al-Munafiqoon,At-Taghabun,At-Talaq,At-Tahreem,Al-Mulk,Al-Qalam,Al-Haaqqa,Al-Maaarij,Nooh,Al-Jinn,Al-Muzzammil,Al-Muddaththir,Al-Qiyamah,Al-Insaan,Al-Mursalaat,An-Naba,An-Naaziaat,Abasa,At-Takweer,Al-Infitar,Al-Mutaffifeen,Al-Inshiqaaq,Al-Burooj,At-Taariq,Al-Alaa,Al-Ghaashiyah,Al-Fajr,Al-Balad,Ash-Shams,Al-Layl,Ad-Dhuha,Ash-Sharh,At-Teen,Al-Alaq,Al-Qadr,Al-Bayyinahh,Az-Zalzalah,Al-Aadiyaat,Al-Qaariah,At-Takaathur,Al-Asr,Al-Humazah,Al-Feel,Quraysh,Al-Maaoon,Al-Kawthar,Al-Kaafiroon,An-Nasr,Al-Masad,Al-Ikhlaas,Al-Falaq,Al-Naas
Book document vector lengths,1.2502795,14.099533,9.411953,17.531595,11.147238,9.464871,11.776387,10.508756,15.042797,8.803001,9.856002,12.967739,7.3238425,5.593042,8.022646,8.215279,9.075413,8.783765,9.904659,11.036163,8.549797,7.214069,7.743428,10.091165,7.4611645,10.877695,8.3371105,9.182843,7.079059,7.718538,6.2996864,6.1921854,11.460777,6.644888,7.597194,6.1762295,9.148926,8.591613,7.7849083,6.814382,6.165745,7.877399,6.7795463,5.64207,6.380656,6.5910716,7.883249,8.383241,6.329342,6.69181,5.365159,5.5226655,5.5845003,7.2558417,10.035831,7.5995393,7.581083,6.573242,5.888315,6.3974705,4.559084,3.5980709,4.248348,5.428655,5.713221,4.580323,4.606133,4.6660957,4.458541,4.7832937,3.6291478,4.3254604,3.8268106,5.536355,4.6275187,5.657653,5.755162,5.018401,5.045542,4.338177,4.2414804,2.9359248,4.2535777,2.8586755,3.1216443,3.1361954,2.9064035,3.3175573,3.5622723,2.6412537,2.298856,2.6241517,2.036291,1.7164283,1.5645362,2.7472403,1.1486158,2.4410024,2.1676705,1.991024,2.027385,1.8583803,0.9291177,1.6393632,1.5389863,0.9700266,1.1344769,0.63750833,0.91585237,0.8934164,1.5449635,0.74182427,0.9834682,0.8685661
Book sum of word vector lengths,582.1356706619263,103306.91424158216,61474.16026395559,60703.0532746315,48004.414012253284,53236.8744994998,59347.86789602041,21365.871428340673,42867.63566865027,31734.87036821246,34267.88770902157,29829.626301437616,14158.868143945932,14376.613970696926,11761.539091736078,31613.008912742138,26862.621496856213,27238.853573441505,16744.264013528824,23806.719298511744,20470.54168790579,21048.823666393757,18244.25913220644,21353.67761552334,15427.495278805494,24620.306239038706,20615.074148774147,25202.036047309637,17777.27305802703,14052.438689023256,8863.234706282616,6445.436628043652,21371.160057514906,14880.80721476674,12642.477182775736,12563.845703125,15459.25892469287,12600.176064282656,20243.708933472633,20769.516504734755,14152.719302117825,14556.375906050205,15224.08517563343,5965.58586537838,8999.852000117302,11454.911766976118,9796.727648437023,9983.472836852074,5712.904668211937,6489.556407988071,6613.19865167141,5858.696931391954,5929.218907117844,6169.388925850391,7275.131940543652,6271.962113559246,10218.917568147182,7960.478315353394,7918.192865729332,6351.934207826853,3666.12347471714,2868.037402510643,3131.7218951284885,4709.289329946041,4732.885471075773,4265.275291621685,5911.231717199087,5502.104108124971,4658.352458000183,3531.535237342119,3743.5515796244144,4862.261725366116,3182.2580086290836,4158.814075440168,2678.881176650524,3667.4107836186886,3471.273758083582,2773.8646727502346,3271.298357784748,2232.0474310815334,1614.0160513222218,1467.6637222766876,2839.2821997106075,1927.1113769710064,1853.9839864075184,1136.6773554682732,1163.6200012266636,1199.8803971409798,2258.784948825836,1332.3922909200191,1193.284927457571,1264.1772226393223,851.6356477439404,348.3958004117012,538.4669522643089,1140.1395955085754,470.9342513680458,1439.1440707445145,573.2201049923897,674.9834014177322,619.0253865122795,502.3056590259075,256.3893764615059,563.4633137881756,339.51818081736565,304.67337995767593,310.10668179392815,220.83743464946747,431.25270080566406,300.2204661369324,284.1207927465439,211.5856148302555,363.3154994249344,271.55438524484634

Similarity matrix,Al-Fatiha,Al-Baqarah,Al Imran,An-Nisa,Al-Maidah,Al-Anam,Al-Araf,Al-Anfal,At-Tawbah,Yunus,Hud,Yusuf,Ar-Rad,Ibrahim,Al-Hijr,An-Nahl,Al-Isra,Al-Kahf,Maryam,Ta-Ha,Al-Anbiya,Al-Hajj,Al-Muminun,An-Nur,Al-Furqan,Ash-Shuara,An-Naml,Al-Qasas,Al-Ankabut,Ar-Rum,Luqmaan,As-Sajda,Al-Ahzaab,Saba (surah),Faatir,Yaseen,As-Saaffaat,Saad,Az-Zumar,Ghafir,Fussilat,Ash_Shooraa,Az-Zukhruf,Ad-Dukhaan,Al-Jaathiyah,Al-Ahqaaf,Muhammad,Al-Fath,Al-Hujuraat,Qaaf,Adh-Dhaariyaat,At-Toor,An-Najm,Al-Qamar,Ar-Rahman,Al-Waqia,Al-Hadeed,Al-Mujadila,Al-Hashr,Al-Mumtahanah,As-Saff,Al-Jumuah,Al-Munafiqoon,At-Taghabun,At-Talaq,At-Tahreem,Al-Mulk,Al-Qalam,Al-Haaqqa,Al-Maaarij,Nooh,Al-Jinn,Al-Muzzammil,Al-Muddaththir,Al-Qiyamah,Al-Insaan,Al-Mursalaat,An-Naba,An-Naaziaat,Abasa,At-Takweer,Al-Infitar,Al-Mutaffifeen,Al-Inshiqaaq,Al-Burooj,At-Taariq,Al-Alaa,Al-Ghaashiyah,Al-Fajr,Al-Balad,Ash-Shams,Al-Layl,Ad-Dhuha,Ash-Sharh,At-Teen,Al-Alaq,Al-Qadr,Al-Bayyinahh,Az-Zalzalah,Al-Aadiyaat,Al-Qaariah,At-Takaathur,Al-Asr,Al-Humazah,Al-Feel,Quraysh,Al-Maaoon,Al-Kawthar,Al-Kaafiroon,An-Nasr,Al-Masad,Al-Ikhlaas,Al-Falaq,Al-Naas
Al-Fatiha,0.0,0.1765887439250946,0.4374468922615051,0.25611981749534607,0.2808413505554199,0.2864891290664673,0.29176759719848633,0.28734877705574036,0.3064485192298889,0.4147482216358185,0.4611954689025879,0.2560189664363861,0.42249760031700134,0.5609608888626099,0.46202701330184937,0.28503382205963135,0.5087304711341858,0.2966097593307495,0.4883266091346741,0.37282460927963257,0.2378547191619873,0.36454448103904724,0.30311307311058044,0.3322671949863434,0.4391869008541107,0.45134326815605164,0.3894730508327484,0.3945467174053192,0.5321072936058044,0.46316224336624146,0.5702899694442749,0.4023861289024353,0.4327374994754791,0.4214347004890442,0.4986981451511383,0.28739452362060547,0.3740079700946808,0.49097222089767456,0.6428166627883911,0.5588608980178833,0.5138295292854309,0.6189377903938293,0.3772617280483246,0.4050899147987366,0.5060676336288452,0.43049222230911255,0.26611828804016113,0.420791357755661,0.4761471152305603,0.29739823937416077,0.2883990406990051,0.39465245604515076,0.40655437111854553,0.2181388884782791,0.24257473647594452,0.32354599237442017,0.46515658497810364,0.47565245628356934,0.3980298340320587,0.6059322357177734,0.5337008833885193,0.6198945045471191,0.559205949306488,0.6300997138023376,0.4379327893257141,0.6367068290710449,0.4510820806026459,0.3634798228740692,0.37469181418418884,0.449503093957901,0.5033736228942871,0.43414416909217834,0.6055660843849182,0.4844016432762146,0.4914710521697998,0.41363245248794556,0.20288634300231934,0.41743096709251404,0.553520679473877,0.5473055839538574,0.47224822640419006,0.5001018047332764,0.46616530418395996,0.506936252117157,0.6006973385810852,0.4482550323009491,0.684834897518158,0.4922080636024475,0.5651600360870361,0.6409106254577637,0.4307289719581604,0.618309497833252,0.686318576335907,0.6708328127861023,0.6442477107048035,0.7041181921958923,0.4554831087589264,0.4981914758682251,0.4869157671928406,0.51170414686203,0.5694288015365601,0.5186196565628052,0.6113786697387695,0.6320317983627319,0.49148353934288025,0.4134697914123535,0.6537501215934753,0.5723057389259338,0.4739782214164734,0.8378238081932068,0.6130364537239075,0.5535901188850403,0.32831257581710815,0.5509536862373352
Al-Baqarah,0.1765887439250946,0.0,0.7799068689346313,0.6847445964813232,0.7260815501213074,0.02062337100505829,-0.041903041303157806,0.6824115514755249,0.6143225431442261,0.08551110327243805,-0.25124549865722656,0.047047488391399384,0.2556179165840149,0.1993492990732193,-0.14932562410831451,0.39635998010635376,-0.014114424586296082,-0.14837951958179474,-0.0426422655582428,-0.12421999871730804,-0.1433534026145935,0.46223366260528564,0.03741397336125374,0.7146596908569336,-0.062192752957344055,-0.14150460064411163,-0.1048225462436676,0.031067969277501106,0.24916982650756836,0.4183828830718994,0.37247011065483093,0.14435714483261108,0.6606400609016418,0.10970398783683777,0.3317534923553467,0.13382883369922638,-0.18446771800518036,-0.1962127834558487,0.08814936131238937,0.1530444324016571,0.13533593714237213,0.24387256801128387,0.10494671016931534,0.035520847886800766,0.2118223011493683,0.1013633981347084,0.5841161012649536,0.5991448163986206,0.6639684438705444,-0.05016108602285385,0.07139144092798233,0.1902560591697693,0.2318369299173355,-0.023248836398124695,0.14240217208862305,0.03103131614625454,0.5957796573638916,0.5730463266372681,0.5563503503799438,0.6496341824531555,0.5987504720687866,0.4579182267189026,0.4309524893760681,0.5117114186286926,0.6238319873809814,0.4158128798007965,0.1623985320329666,0.08214224874973297,0.05377638712525368,0.23279829323291779,0.28643959760665894,0.37652289867401123,0.4302122890949249,0.11619168519973755,0.05337222293019295,0.21309985220432281,0.12304934859275818,0.20042170584201813,0.06606369465589523,0.2348860204219818,0.15796135365962982,0.11916977167129517,0.05422995239496231,0.22191143035888672,0.2965303957462311,0.19876399636268616,0.20397353172302246,0.2157425880432129,0.1555146425962448,0.24118325114250183,0.1228075847029686,0.3698848485946655,0.23072056472301483,0.2385464608669281,0.27877891063690186,0.1848774552345276,-0.02163076028227806,0.43792086839675903,0.1573186218738556,0.35054856538772583,0.15603677928447723,0.34365731477737427,0.39822816848754883,0.20069433748722076,0.29637423157691956,0.26069375872612,0.40246278047561646,0.23919157683849335,0.2806369960308075,0.276709645986557,0.31842389702796936,0.31973421573638916,0.21692080795764923,0.27365610003471375
Al Imran,0.4374468922615051,0.7799068689346313,0.0,0.6609528660774231,0.766255795955658,0.219403937458992,0.07468034327030182,0.7279342412948608,0.7012736797332764,0.3240143954753876,-0.013186084106564522,0.03811142221093178,0.44090139865875244,0.3977658152580261,-0.04537240043282509,0.49457696080207825,0.0373033732175827,-0.07361790537834167,0.02954653650522232,-0.07311944663524628,-0.04802507907152176,0.5845072269439697,0.10525467246770859,0.6304211616516113,0.13488145172595978,-0.012620688416063786,0.04596574977040291,0.15510717034339905,0.45841118693351746,0.5250188112258911,0.4635063111782074,0.3332655727863312,0.6694709062576294,0.3001883029937744,0.37636798620224,0.19266504049301147,-0.040660664439201355,-0.04954175651073456,0.35331329703330994,0.43966421484947205,0.3695666193962097,0.4685608148574829,0.1593441516160965,0.12159132212400436,0.48210954666137695,0.3557209372520447,0.7564280033111572,0.741454005241394,0.7427818179130554,0.017036831006407738,0.14093144237995148,0.3328547775745392,0.29899585247039795,0.0510241724550724,0.15692873299121857,0.1019769012928009,0.6953830122947693,0.6723161935806274,0.6569050550460815,0.7561696171760559,0.776280403137207,0.6542201638221741,0.6112250685691833,0.7046579718589783,0.6112871170043945,0.5666971206665039,0.34984344244003296,0.25738048553466797,0.16631801426410675,0.3336413502693176,0.3916379511356354,0.5309842824935913,0.5096403956413269,0.27015286684036255,0.1238328069448471,0.24948136508464813,0.1649221032857895,0.2882789075374603,0.18568140268325806,0.22744745016098022,0.22019349038600922,0.29044410586357117,0.29757848381996155,0.37756338715553284,0.5191360712051392,0.2539125084877014,0.40536513924598694,0.30153656005859375,0.22954323887825012,0.38691446185112,0.20263642072677612,0.5062918066978455,0.42619118094444275,0.389369398355484,0.4686824381351471,0.3109617829322815,0.0857100859284401,0.6523587107658386,0.2632809281349182,0.42577680945396423,0.33550524711608887,0.4990154504776001,0.5174219608306885,0.3874318301677704,0.3886467218399048,0.3076271414756775,0.5777541399002075,0.4347059428691864,0.4197857677936554,0.47648298740386963,0.4487021565437317,0.43591639399528503,0.306782603263855,0.4281671941280365
An-Nisa,0.25611981749534607,0.6847445964813232,0.6609528660774231,0.0,0.7941443920135498,-0.006778176873922348,-0.2866319715976715,0.7279482483863831,0.689265251159668,-0.030047331005334854,-0.2730729281902313,-0.13694433867931366,0.31422504782676697,0.11299291253089905,-0.14668260514736176,0.4912402331829071,0.21997466683387756,-0.04121716320514679,-0.07144351303577423,-0.1317719668149948,-0.314810186624527,0.534382164478302,-0.05841938033699989,0.834734320640564,0.1311194896697998,-0.22886687517166138,-0.1906409114599228,-0.016876552253961563,0.1650284081697464,0.34416213631629944,0.3524692952632904,0.03135441988706589,0.8323721885681152,0.04691684991121292,0.4141187369823456,0.10242050886154175,-0.1448144167661667,-0.2319115847349167,0.1797795593738556,-0.02776816487312317,0.130801260471344,0.4381970465183258,0.04276743531227112,-0.013231497257947922,0.08737346529960632,0.10687238723039627,0.6528018712997437,0.7229468822479248,0.6964597702026367,-0.18879196047782898,-0.09546002745628357,0.25522127747535706,0.15071554481983185,-0.09469921886920929,-0.025113437324762344,0.07743721455335617,0.5594679713249207,0.676797091960907,0.591301441192627,0.7550183534622192,0.5212048292160034,0.46994471549987793,0.4986102283000946,0.4682309627532959,0.6282474398612976,0.47339585423469543,0.1771283745765686,0.1385258287191391,-0.02504776604473591,0.2565355598926544,0.30111560225486755,0.486784964799881,0.4346249997615814,0.17094016075134277,0.04920905455946922,0.2571377754211426,0.028222573921084404,0.22839272022247314,0.09717720001935959,0.27544620633125305,0.1192648857831955,0.15050433576107025,0.06280767917633057,0.24318939447402954,0.28914526104927063,0.23669007420539856,0.2500433623790741,0.2722215950489044,0.16216249763965607,0.31737032532691956,-0.0021441029384732246,0.4437486529350281,0.3902711868286133,0.3514939248561859,0.2680431008338928,0.2669844627380371,0.021787235513329506,0.3992609977722168,0.1770470291376114,0.3677773177623749,0.2437429130077362,0.31326961517333984,0.3772096335887909,0.2440158873796463,0.2967674136161804,0.3334325850009918,0.4281129240989685,0.27257683873176575,0.29507705569267273,0.3255438804626465,0.38487404584884644,0.29459553956985474,0.1400524377822876,0.1728338748216629
Al-Maidah,0.2808413505554199,0.7260815501213074,0.766255795955658,0.7941443920135498,0.0,0.11545367538928986,-0.004220747854560614,0.7667152285575867,0.6769930720329285,0.07507362216711044,-0.1816052347421646,0.06413017213344574,0.2916461229324341,0.27427658438682556,-0.049381330609321594,0.5225346088409424,0.08345930278301239,-0.05846504494547844,-0.010981024242937565,0.05037178844213486,-0.14735537767410278,0.5421445369720459,0.07067731767892838,0.761641263961792,0.05517427250742912,0.009868078865110874,-0.05107911303639412,0.1434701681137085,0.2631027102470398,0.3827412724494934,0.33587709069252014,0.21336781978607178,0.7840535640716553,0.09098587930202484,0.329578161239624,0.16030031442642212,-0.08501219749450684,-0.08498430252075195,0.13532359898090363,0.17562836408615112,0.15624184906482697,0.3223220407962799,0.21867437660694122,0.10142967104911804,0.21652527153491974,0.2765926718711853,0.7597591280937195,0.7400075793266296,0.7788802981376648,-0.07750201225280762,0.11333848536014557,0.30714595317840576,0.22522911429405212,0.04553418233990669,0.1600429117679596,0.13103201985359192,0.6547248363494873,0.690280556678772,0.6688172817230225,0.7670547962188721,0.7143062353134155,0.5982585549354553,0.6030640602111816,0.5489563941955566,0.6442688703536987,0.6068971157073975,0.13536271452903748,0.27408501505851746,0.09439966827630997,0.28764089941978455,0.40857553482055664,0.48775264620780945,0.4784378111362457,0.2435937374830246,0.08603820204734802,0.27624019980430603,0.17226457595825195,0.2642742097377777,0.11153524369001389,0.23182600736618042,0.1859668642282486,0.19929523766040802,0.1909538358449936,0.28514033555984497,0.40560993552207947,0.2524186074733734,0.31833112239837646,0.3000313639640808,0.2098434418439865,0.36169537901878357,0.1146903708577156,0.42756393551826477,0.42412590980529785,0.3912930488586426,0.38606423139572144,0.26642081141471863,0.04697240889072418,0.5583218336105347,0.19114796817302704,0.4096452295780182,0.2764330506324768,0.4104873239994049,0.46992227435112,0.29000183939933777,0.4166593551635742,0.3904664218425751,0.5153867602348328,0.33810776472091675,0.3909289836883545,0.3209743797779083,0.41915640234947205,0.3200606107711792,0.26803919672966003,0.37674787640571594
Al-Anam,0.2864891290664673,0.02062337100505829,0.219403937458992,-0.006778176873922348,0.11545367538928986,0.0,0.49425745010375977,0.04922148585319519,0.003149010706692934,0.6724383234977722,0.4228575825691223,0.20163869857788086,0.5405758619308472,0.5888700485229492,0.4074314534664154,0.607620120048523,0.3045826256275177,0.4016348421573639,0.28750619292259216,0.219453364610672,0.615580141544342,0.4753473103046417,0.6034796237945557,0.11105051636695862,0.5685656666755676,0.23663687705993652,0.46512219309806824,0.3370901644229889,0.5499894022941589,0.5543333292007446,0.4895234704017639,0.6138168573379517,-0.07605254650115967,0.7556052803993225,0.4362756609916687,0.661106526851654,0.39793094992637634,0.3269209861755371,0.5941612720489502,0.5375379323959351,0.6645514965057373,0.5479976534843445,0.6743991374969482,0.37104856967926025,0.6900494694709778,0.6377405524253845,0.4169068932533264,0.1952473521232605,0.32519012689590454,0.44281986355781555,0.391788125038147,0.5431563854217529,0.4726075530052185,0.34165868163108826,0.42000845074653625,0.43987396359443665,0.30610939860343933,0.21931174397468567,0.3219646215438843,0.27181991934776306,0.38127219676971436,0.48889052867889404,0.3216262757778168,0.43386712670326233,0.27251094579696655,0.2165636271238327,0.688898503780365,0.44245821237564087,0.45963865518569946,0.32745981216430664,0.341732919216156,0.6011483073234558,0.3193363845348358,0.5432782173156738,0.44618937373161316,0.2893614172935486,0.42396536469459534,0.45970556139945984,0.3738088011741638,0.31921881437301636,0.3797195851802826,0.4907733201980591,0.4962276518344879,0.3933907151222229,0.4469083249568939,0.5066588521003723,0.4601263999938965,0.41719791293144226,0.3498108983039856,0.4557570517063141,0.1784532517194748,0.26761239767074585,0.3380679190158844,0.33542653918266296,0.5617265701293945,0.4474004805088043,0.3281865417957306,0.4480961859226227,0.3546820878982544,0.3852212727069855,0.3526782691478729,0.5954486131668091,0.4095986783504486,0.4733671247959137,0.531322181224823,0.36631539463996887,0.4799562692642212,0.5278810262680054,0.5097503066062927,0.32222846150398254,0.39124754071235657,0.5405977368354797,0.3111126124858856,0.3262847363948822
Al-Araf,0.29176759719848633,-0.041903041303157806,0.07468034327030182,-0.2866319715976715,-0.004220747854560614,0.49425745010375977,0.0,0.000892799289431423,-0.07741222530603409,0.47846853733062744,0.7046415209770203,0.576392650604248,0.13283194601535797,0.529695451259613,0.6279522776603699,0.18952326476573944,0.25063571333885193,0.43930521607398987,0.39710232615470886,0.5955309271812439,0.7228133678436279,0.12400884181261063,0.5903021693229675,-0.13403718173503876,0.30556148290634155,0.709875762462616,0.6088556051254272,0.6720889806747437,0.5603964924812317,0.3318362236022949,0.16037867963314056,0.6174758672714233,-0.04463524371385574,0.39196762442588806,0.08703897148370743,0.5250558853149414,0.6141588091850281,0.5464751124382019,0.2693811357021332,0.5109593272209167,0.4183635711669922,0.14215508103370667,0.6177486181259155,0.5009966492652893,0.5011849999427795,0.5604801177978516,0.19250328838825226,0.100932277739048,0.16265249252319336,0.47947049140930176,0.7045521140098572,0.3656470477581024,0.2663225531578064,0.5022530555725098,0.24124182760715485,0.4377860426902771,0.15902191400527954,0.1349044144153595,0.24638354778289795,0.14258986711502075,0.3803953528404236,0.3416619598865509,0.34237900376319885,0.2867678701877594,0.22132974863052368,0.364899605512619,0.3604893088340759,0.6263025999069214,0.4930214285850525,0.32284799218177795,0.5092141628265381,0.26774361729621887,0.19157494604587555,0.39406517148017883,0.38623085618019104,0.2883208096027374,0.4404484033584595,0.3752705752849579,0.49026331305503845,0.32174235582351685,0.3035261631011963,0.33624935150146484,0.4915258586406708,0.4157206118106842,0.3556181788444519,0.3496609628200531,0.3996952474117279,0.3075692057609558,0.4613442122936249,0.3725253939628601,0.4703831076622009,0.18951764702796936,0.23703813552856445,0.43025997281074524,0.4450324773788452,0.38819295167922974,0.128340944647789,0.29263660311698914,0.34687766432762146,0.22892923653125763,0.361643522977829,0.48461252450942993,0.27984458208084106,0.3186984360218048,0.4619765877723694,0.3715271055698395,0.3598971962928772,0.4513651728630066,0.3063261806964874,0.3131617605686188,0.36075642704963684,0.27143165469169617,0.3224635422229767,0.2994104027748108
Al-Anfal,0.28734877705574036,0.6824115514755249,0.7279342412948608,0.7279482483863831,0.7667152285575867,0.04922148585319519,0.000892799289431423,0.0,0.8638133406639099,0.2208700180053711,-0.046267349272966385,-0.0049901981838047504,0.3754400908946991,0.3516772389411926,-0.02542887069284916,0.5188088417053223,0.07938332110643387,-0.037015870213508606,-0.12039791792631149,-0.02109031192958355,-0.11129062622785568,0.5674641132354736,0.1679648607969284,0.8159781098365784,0.06694202870130539,0.11555257439613342,-0.009478812105953693,0.11384423077106476,0.347798615694046,0.4753827750682831,0.42475441098213196,0.29542306065559387,0.8225634098052979,0.14959776401519775,0.4410831034183502,0.21985244750976562,0.034489210695028305,-0.07134157419204712,0.29291975498199463,0.338542640209198,0.26144149899482727,0.29537779092788696,0.16805118322372437,0.2500135898590088,0.30319222807884216,0.305357962846756,0.8024685978889465,0.831394374370575,0.811363935470581,0.039303332567214966,0.20025666058063507,0.40121740102767944,0.223912313580513,0.09816816449165344,0.17433644831180573,0.2347017526626587,0.6732962131500244,0.8170642852783203,0.7498257756233215,0.7812796831130981,0.725580096244812,0.6518532633781433,0.7631734013557434,0.6548649072647095,0.6661479473114014,0.5629923343658447,0.22182464599609375,0.28590378165245056,0.19107195734977722,0.4574110209941864,0.42634034156799316,0.45084846019744873,0.5502727627754211,0.32768285274505615,0.20641019940376282,0.3164694309234619,0.18272246420383453,0.3202057182788849,0.2883622944355011,0.31737950444221497,0.3123216927051544,0.2808743715286255,0.33644893765449524,0.4253489673137665,0.5158563852310181,0.288993239402771,0.3903500735759735,0.3740491569042206,0.28918081521987915,0.4203207194805145,0.2746916115283966,0.4430921971797943,0.43867722153663635,0.46682292222976685,0.419179230928421,0.3149999976158142,0.054750628769397736,0.5021646022796631,0.3380698561668396,0.5178661942481995,0.3962419927120209,0.49777159094810486,0.5497133135795593,0.4097205698490143,0.4469180107116699,0.3823062479496002,0.5734931826591492,0.3033451735973358,0.30288589000701904,0.46432051062583923,0.5120636820793152,0.4030040204524994,0.2731757164001465,0.3509954810142517
At-Tawbah,0.3064485192298889,0.6143225431442261,0.7012736797332764,0.689265251159668,0.6769930720329285,0.003149010706692934,-0.07741222530603409,0.8638133406639099,0.0,0.13281899690628052,-0.08193162083625793,-0.10281962156295776,0.3745982050895691,0.2248557209968567,-0.12338773906230927,0.40464043617248535,0.041263144463300705,-0.06727161258459091,-0.16863465309143066,-0.14672547578811646,-0.19669803977012634,0.4717549681663513,0.0010554686887189746,0.6533915996551514,0.13907040655612946,-0.05277274549007416,-0.11171232908964157,0.07388035207986832,0.31513234972953796,0.41777563095092773,0.3382197916507721,0.16273744404315948,0.7500333786010742,0.05768698453903198,0.428988516330719,0.08607827126979828,-0.03614426776766777,-0.1798260509967804,0.3259175419807434,0.27060890197753906,0.1627870351076126,0.28787344694137573,0.009178456850349903,0.09577872604131699,0.25244662165641785,0.17745336890220642,0.6938753724098206,0.8103613257408142,0.7122279405593872,-0.09262237697839737,0.0764155238866806,0.2980104982852936,0.10797955095767975,-0.05160282552242279,-0.03556076064705849,0.0325285941362381,0.5797289609909058,0.8145732879638672,0.6805533170700073,0.697868824005127,0.6741921901702881,0.5339782238006592,0.7206417322158813,0.5812821388244629,0.595234751701355,0.4698614478111267,0.1232568696141243,0.22091417014598846,0.009562990628182888,0.44572851061820984,0.3445352017879486,0.49538952112197876,0.4181942343711853,0.2222241908311844,0.07043374329805374,0.22380279004573822,-0.016803238540887833,0.23370973765850067,0.1829029768705368,0.18891136348247528,0.12123850733041763,0.12490019202232361,0.23842807114124298,0.3067302405834198,0.4221852123737335,0.1482689082622528,0.3475516140460968,0.31939584016799927,0.18288473784923553,0.33202460408210754,0.18996678292751312,0.4511355459690094,0.3917531967163086,0.38358789682388306,0.2928171753883362,0.22230887413024902,-0.1340814083814621,0.4968315660953522,0.20631380379199982,0.3556976020336151,0.3361007571220398,0.3893505334854126,0.45691460371017456,0.32161393761634827,0.33630838990211487,0.27698007225990295,0.5375584363937378,0.2315862476825714,0.26317542791366577,0.4143799841403961,0.4392707049846649,0.3478749990463257,0.07930022478103638,0.1561349630355835
Yunus,0.4147482216358185,0.08551110327243805,0.3240143954753876,-0.030047331005334854,0.07507362216711044,0.6724383234977722,0.47846853733062744,0.2208700180053711,0.13281899690628052,0.0,0.6480826139450073,0.21969646215438843,0.5211623311042786,0.6851871609687805,0.5827195048332214,0.4162693917751312,0.365545392036438,0.42395469546318054,0.3694380819797516,0.31110483407974243,0.675203800201416,0.4453940987586975,0.6749257445335388,0.11441311985254288,0.5781763792037964,0.5133545398712158,0.5616555213928223,0.4160178005695343,0.7226001024246216,0.5598521828651428,0.5227181315422058,0.7609546184539795,0.03445306792855263,0.8274935483932495,0.43941816687583923,0.650701642036438,0.564180850982666,0.5165748000144958,0.6498231887817383,0.743867039680481,0.8306657075881958,0.5071365833282471,0.6752696633338928,0.5853686332702637,0.84107506275177,0.7833596467971802,0.3860347270965576,0.1909162551164627,0.332198828458786,0.6509866118431091,0.5440940260887146,0.5718461871147156,0.4449487328529358,0.6132551431655884,0.43103551864624023,0.5550534725189209,0.2898012697696686,0.3012330234050751,0.34696462750434875,0.3058314025402069,0.4529768228530884,0.5166852474212646,0.49454793334007263,0.5607923865318298,0.1840735673904419,0.22296899557113647,0.7618343234062195,0.5318512916564941,0.640056312084198,0.44263413548469543,0.4196467995643616,0.573872983455658,0.41389504075050354,0.610442578792572,0.5909820199012756,0.2809124290943146,0.531557023525238,0.5129609704017639,0.5322023034095764,0.3360474109649658,0.5156576633453369,0.5652614235877991,0.6677060127258301,0.5272159576416016,0.6356810331344604,0.5389900207519531,0.5538602471351624,0.4790288805961609,0.4427647888660431,0.4861776828765869,0.3751541078090668,0.26296859979629517,0.4340269863605499,0.45384517312049866,0.633040726184845,0.4855411648750305,0.3977624177932739,0.422797292470932,0.49319905042648315,0.4841724634170532,0.4986222982406616,0.6982332468032837,0.4621529281139374,0.5603634715080261,0.5765720009803772,0.3476095199584961,0.4866497814655304,0.5267563462257385,0.4632647633552551,0.4625764489173889,0.42056962847709656,0.5038552284240723,0.2639497220516205,0.4618879556655884
Hud,0.4611954689025879,-0.25124549865722656,-0.013186084106564522,-0.2730729281902313,-0.1816052347421646,0.4228575825691223,0.7046415209770203,-0.046267349272966385,-0.08193162083625793,0.6480826139450073,0.0,0.6160163283348083,0.19237945973873138,0.5949093699455261,0.7072954177856445,0.11690571904182434,0.49428895115852356,0.5876100063323975,0.593260645866394,0.6494288444519043,0.7502660155296326,0.08642281591892242,0.5888893604278564,-0.13977454602718353,0.4749044179916382,0.7969537973403931,0.760490894317627,0.6844870448112488,0.6327813863754272,0.25310561060905457,0.29117098450660706,0.5780557990074158,-0.022144613787531853,0.5293441414833069,0.23226141929626465,0.5880039930343628,0.7593041658401489,0.7497172951698303,0.5070434808731079,0.5791146755218506,0.5761882066726685,0.30942291021347046,0.5948262810707092,0.6436381936073303,0.578574538230896,0.6533243656158447,0.018895599991083145,0.05287107825279236,0.13713285326957703,0.636889636516571,0.703960657119751,0.37209293246269226,0.43529558181762695,0.6710162162780762,0.30917641520500183,0.4219628572463989,0.02238943614065647,0.19744454324245453,0.15745949745178223,0.12171977758407593,0.3450266122817993,0.35066092014312744,0.3263469338417053,0.42230740189552307,0.15550395846366882,0.37349504232406616,0.43787911534309387,0.5761635899543762,0.6437094211578369,0.35603493452072144,0.5740467309951782,0.30911001563072205,0.2807772159576416,0.5739929676055908,0.6291669011116028,0.3321229815483093,0.3732345998287201,0.45685359835624695,0.6513687968254089,0.44706016778945923,0.4893152713775635,0.5188647508621216,0.550401508808136,0.5470864176750183,0.49317559599876404,0.43778273463249207,0.5658459067344666,0.4201645851135254,0.5899776220321655,0.5123772621154785,0.5098251104354858,0.2946508824825287,0.4281961917877197,0.5219982266426086,0.5618395209312439,0.5581086277961731,0.3511113226413727,0.23270700871944427,0.5209804773330688,0.35565420985221863,0.5510894656181335,0.5514485836029053,0.39023926854133606,0.5363019108772278,0.4614733159542084,0.3788459002971649,0.33493471145629883,0.5971124172210693,0.3677826225757599,0.4823524057865143,0.4650209844112396,0.46270516514778137,0.23913916945457458,0.36444008350372314
Yusuf,0.2560189664363861,0.047047488391399384,0.03811142221093178,-0.13694433867931366,0.06413017213344574,0.20163869857788086,0.576392650604248,-0.0049901981838047504,-0.10281962156295776,0.21969646215438843,0.6160163283348083,0.0,-0.04311636462807655,0.441806823015213,0.4790104925632477,0.03237173333764076,0.3116348385810852,0.4847017824649811,0.6027175188064575,0.7088990807533264,0.6337255239486694,-0.002571787917986512,0.44804641604423523,0.03489252179861069,0.12556138634681702,0.7028997540473938,0.8008334040641785,0.7730906009674072,0.3394071161746979,0.11040675640106201,0.275985449552536,0.35822007060050964,0.15432600677013397,0.2620518207550049,0.05827660486102104,0.5040799379348755,0.5752342343330383,0.5920558571815491,0.16575422883033752,0.3568178117275238,0.2631431519985199,0.08001329004764557,0.5449882745742798,0.4638504683971405,0.22511614859104156,0.49579331278800964,-0.023681754246354103,0.1122901514172554,0.24101297557353973,0.45809075236320496,0.6899725198745728,0.29733747243881226,0.5378704071044922,0.5097370743751526,0.30152973532676697,0.25896385312080383,0.03419692814350128,0.24735987186431885,0.1531582772731781,0.07939916104078293,0.40892136096954346,0.34330838918685913,0.23825262486934662,0.336167573928833,0.2926858365535736,0.5169637799263,0.2065223902463913,0.49055686593055725,0.5317943096160889,0.16172058880329132,0.5541231036186218,0.20123796164989471,0.2990189492702484,0.478920042514801,0.5532336235046387,0.2540800869464874,0.3416241705417633,0.27697959542274475,0.5662915110588074,0.5339244604110718,0.4796728491783142,0.4137846827507019,0.30048418045043945,0.539020299911499,0.3077455461025238,0.3969925045967102,0.44194576144218445,0.26347774267196655,0.5767751932144165,0.4782991111278534,0.5231943726539612,0.2901798486709595,0.3031190037727356,0.42758360505104065,0.4546358287334442,0.6041257977485657,0.32949578762054443,0.133497953414917,0.46920245885849,0.34839147329330444,0.4236259162425995,0.45060449838638306,0.39190247654914856,0.4475874900817871,0.4221316874027252,0.3919156491756439,0.31053727865219116,0.5404539108276367,0.3872273564338684,0.31292861700057983,0.46919551491737366,0.4115391969680786,0.31072020530700684,0.30078718066215515
Ar-Rad,0.42249760031700134,0.2556179165840149,0.44090139865875244,0.31422504782676697,0.2916461229324341,0.5405758619308472,0.13283194601535797,0.3754400908946991,0.3745982050895691,0.5211623311042786,0.19237945973873138,-0.04311636462807655,0.0,0.631257176399231,0.40737494826316833,0.6712092161178589,0.48705852031707764,0.4499605894088745,0.32035714387893677,0.1613408774137497,0.2762555181980133,0.7979432344436646,0.408945232629776,0.46276867389678955,0.7350904941558838,0.07150842994451523,0.3324144184589386,0.18058891594409943,0.552097499370575,0.7558207511901855,0.7834296822547913,0.684689998626709,0.34262165427207947,0.7271561026573181,0.8072566390037537,0.5762370228767395,0.2556261122226715,0.38659995794296265,0.7689979076385498,0.5737645626068115,0.7701849341392517,0.796568751335144,0.4366815388202667,0.4837802052497864,0.6689698100090027,0.49173635244369507,0.5953993201255798,0.5423486828804016,0.45332542061805725,0.614689290523529,0.32096657156944275,0.6978965997695923,0.6013304591178894,0.39380180835723877,0.4360247552394867,0.5026559233665466,0.7098933458328247,0.46836134791374207,0.7113751769065857,0.4064589738845825,0.4554128348827362,0.6529463529586792,0.5592789649963379,0.5750648975372314,0.5551494359970093,0.4064672589302063,0.6869919896125793,0.42021098732948303,0.5138524770736694,0.7772611379623413,0.4999683201313019,0.7244849801063538,0.6538956165313721,0.6664524674415588,0.5751136541366577,0.6739901900291443,0.5916954874992371,0.7808513045310974,0.5793516039848328,0.5723352432250977,0.6284443140029907,0.6686464548110962,0.6233034133911133,0.6297093629837036,0.7475281953811646,0.7125689387321472,0.7392632365226746,0.8035169839859009,0.5787137746810913,0.6627885103225708,0.4775266647338867,0.6613539457321167,0.5673784017562866,0.6386203169822693,0.6911009550094604,0.5705776810646057,0.5754541158676147,0.6446065902709961,0.6320103406906128,0.6970832347869873,0.6623775959014893,0.6339738368988037,0.6151518225669861,0.6732104420661926,0.7460307478904724,0.5473448634147644,0.7127865552902222,0.5188438296318054,0.45666682720184326,0.6511141657829285,0.6693465113639832,0.6281666159629822,0.5414265990257263,0.4856351315975189
Ibrahim,0.5609608888626099,0.1993492990732193,0.3977658152580261,0.11299291253089905,0.27427658438682556,0.5888700485229492,0.529695451259613,0.3516772389411926,0.2248557209968567,0.6851871609687805,0.5949093699455261,0.441806823015213,0.631257176399231,0.0,0.604481041431427,0.5845950245857239,0.5424245595932007,0.5073792934417725,0.5935624241828918,0.5914335250854492,0.6246488690376282,0.6790761947631836,0.6606598496437073,0.4002358913421631,0.5735667943954468,0.5452476143836975,0.6563923954963684,0.592475950717926,0.6744632124900818,0.7252683639526367,0.7443959712982178,0.8247357606887817,0.3109225630760193,0.6930252909660339,0.5801903605461121,0.7417994141578674,0.5532563328742981,0.6707891821861267,0.6866846084594727,0.798176646232605,0.7708631753921509,0.6180686354637146,0.6629696488380432,0.7552366256713867,0.8090128302574158,0.6867473721504211,0.5345767140388489,0.5405765175819397,0.5362256169319153,0.6828667521476746,0.6713600158691406,0.6286892890930176,0.651040256023407,0.6476598381996155,0.6147038340568542,0.549067497253418,0.65323406457901,0.4901004433631897,0.6027945280075073,0.46933606266975403,0.6528091430664062,0.7210850715637207,0.5762535333633423,0.7380136251449585,0.6293931007385254,0.6101925373077393,0.70662921667099,0.6157017350196838,0.798656165599823,0.6317989230155945,0.7186480760574341,0.6358408331871033,0.6447225213050842,0.7845885753631592,0.7583653926849365,0.6898279190063477,0.6642289161682129,0.7349052429199219,0.7737112045288086,0.7330881953239441,0.7253996133804321,0.7457054257392883,0.663486897945404,0.7722452878952026,0.7233737111091614,0.6978849768638611,0.837116539478302,0.7396080493927002,0.7835317850112915,0.7297772765159607,0.6290929913520813,0.7060140371322632,0.615872859954834,0.7621543407440186,0.791185736656189,0.7267093062400818,0.591404139995575,0.5849341750144958,0.7763025164604187,0.7077987194061279,0.743969738483429,0.8056597113609314,0.6707218289375305,0.7507539391517639,0.7846279144287109,0.6160658597946167,0.693063497543335,0.7729718089103699,0.6116771697998047,0.7592396140098572,0.7923186421394348,0.66867995262146,0.5301144123077393,0.6036887764930725
Al-Hijr,0.46202701330184937,-0.14932562410831451,-0.04537240043282509,-0.14668260514736176,-0.049381330609321594,0.4074314534664154,0.6279522776603699,-0.02542887069284916,-0.12338773906230927,0.5827195048332214,0.7072954177856445,0.4790104925632477,0.40737494826316833,0.604481041431427,0.0,0.26007160544395447,0.6902042627334595,0.6909685730934143,0.694470226764679,0.6833264231681824,0.7389698028564453,0.34818142652511597,0.6451186537742615,-0.020738545805215836,0.6536206007003784,0.7649658918380737,0.7717769145965576,0.6158106923103333,0.5485588312149048,0.4377634823322296,0.4790749251842499,0.7073215842247009,0.05426514521241188,0.6609399914741516,0.4230723977088928,0.7158725261688232,0.79407799243927,0.8300316333770752,0.48261553049087524,0.4527009129524231,0.6548345685005188,0.44712385535240173,0.7637845277786255,0.7673512697219849,0.5478543043136597,0.655238151550293,0.0800338014960289,0.1277119517326355,0.11820953339338303,0.8083714246749878,0.7393385767936707,0.5897093415260315,0.4857722520828247,0.7629427313804626,0.34494274854660034,0.6920956373214722,0.2446414977312088,0.17872726917266846,0.2358676791191101,0.0894329622387886,0.24182972311973572,0.4354260563850403,0.41446179151535034,0.350570410490036,0.23549753427505493,0.36745432019233704,0.5758249163627625,0.6834325194358826,0.7251145839691162,0.5098797082901001,0.5886884927749634,0.39754948019981384,0.4383252263069153,0.6000908613204956,0.7194896340370178,0.543775200843811,0.6849254965782166,0.6522059440612793,0.7343429923057556,0.6219014525413513,0.6679750680923462,0.6860222816467285,0.6251993179321289,0.6432040333747864,0.6074544191360474,0.7127164006233215,0.6337231993675232,0.6285847425460815,0.6872079372406006,0.6149302124977112,0.6050798296928406,0.342518150806427,0.5242975950241089,0.6923646926879883,0.6986698508262634,0.630858838558197,0.5762741565704346,0.3102809488773346,0.6452522277832031,0.5296850204467773,0.6662809252738953,0.5941015481948853,0.503304660320282,0.587529718875885,0.7104601263999939,0.50345778465271,0.4622892439365387,0.6121634840965271,0.3536714017391205,0.553418755531311,0.5336782932281494,0.4787648916244507,0.40712088346481323,0.4405103325843811
