Books,Al-Fatiha,Al-Baqarah,Al Imran,An-Nisa,Al-Maidah,Al-Anam,Al-Araf,Al-Anfal,At-Tawbah,Yunus,Hud,Yusuf,Ar-Rad,Ibrahim,Al-Hijr,An-Nahl,Al-Isra,Al-Kahf,Maryam,Ta-Ha,Al-Anbiya,Al-Hajj,Al-Muminun,An-Nur,Al-Furqan,Ash-Shuara,An-Naml,Al-Qasas,Al-Ankabut,Ar-Rum,Luqmaan,As-Sajda,Al-Ahzaab,Saba (surah),Faatir,Yaseen,As-Saaffaat,Saad,Az-Zumar,Ghafir,Fussilat,Ash_Shooraa,Az-Zukhruf,Ad-Dukhaan,Al-Jaathiyah,Al-Ahqaaf,Muhammad,Al-Fath,Al-Hujuraat,Qaaf,Adh-Dhaariyaat,At-Toor,An-Najm,Al-Qamar,Ar-Rahman,Al-Waqia,Al-Hadeed,Al-Mujadila,Al-Hashr,Al-Mumtahanah,As-Saff,Al-Jumuah,Al-Munafiqoon,At-Taghabun,At-Talaq,At-Tahreem,Al-Mulk,Al-Qalam,Al-Haaqqa,Al-Maaarij,Nooh,Al-Jinn,Al-Muzzammil,Al-Muddaththir,Al-Qiyamah,Al-Insaan,Al-Mursalaat,An-Naba,An-Naaziaat,Abasa,At-Takweer,Al-Infitar,Al-Mutaffifeen,Al-Inshiqaaq,Al-Burooj,At-Taariq,Al-Alaa,Al-Ghaashiyah,Al-Fajr,Al-Balad,Ash-Shams,Al-Layl,Ad-Dhuha,Ash-Sharh,At-Teen,Al-Alaq,Al-Qadr,Al-Bayyinahh,Az-Zalzalah,Al-Aadiyaat,Al-Qaariah,At-Takaathur,Al-Asr,Al-Humazah,Al-Feel,Quraysh,Al-Maaoon,Al-Kawthar,Al-Kaafiroon,An-Nasr,Al-Masad,Al-Ikhlaas,Al-Falaq,Al-Naas
Book document vector lengths,1.1867791,13.829276,10.189173,17.453682,10.173325,10.56677,10.683442,10.063506,14.81545,8.555615,9.803982,13.003145,8.403943,5.9017057,8.588827,9.11984,9.084874,10.096614,11.548007,10.881075,8.928918,8.334274,7.898483,11.112921,7.707992,10.218817,8.217769,8.661667,7.1363606,7.558735,6.3125243,6.2739825,11.2507,6.887639,7.1898565,6.7702765,9.058931,9.167761,8.517882,7.9981723,6.307017,8.077083,7.3647676,6.454654,6.295324,6.311322,7.6471562,8.072533,6.566479,6.4728665,5.1761413,5.6671143,5.6569676,8.048035,11.200334,7.82142,7.745449,7.0063524,5.8045697,6.3348074,4.9171352,3.970743,3.9300034,5.581134,5.8611407,4.681802,4.9278197,4.94331,4.8922267,4.7113037,3.5282753,4.5922723,4.1322875,5.627515,4.8965616,5.9046474,6.146779,5.2021832,5.283479,4.5045395,4.3714104,3.2094681,4.7559295,2.8812094,3.51894,2.8242207,2.949031,3.7482877,3.8367782,2.7233667,2.5526683,2.9335303,1.9698855,1.5963298,1.8577832,3.31429,1.0854717,2.5446436,1.6348598,1.7884681,1.7402334,1.6878266,0.63964367,1.905964,1.2798285,0.94408023,1.2440315,0.9893365,1.1980808,1.0698538,1.8097725,0.6505251,0.9870122,1.192483
Book sum of word vector lengths,632.3774690628052,106429.28911161423,62434.95068624616,62577.997752815485,49727.43328273296,57569.462125808,61421.20497441292,21616.821860581636,43867.41648775339,33250.4063411057,34372.93624320626,30548.28889092803,14818.628139704466,15572.596226006746,12276.851785898209,32787.40167218447,28071.395822927356,28777.731956988573,17407.01528610289,25119.244183391333,22083.168862700462,21273.880343824625,19868.02616789937,22655.283580988646,15860.443532645702,24528.404150038958,20760.756402224302,26532.246092915535,18603.982243925333,14691.38881623745,9222.194738090038,6804.090987086296,22092.084750711918,16159.132629394531,12955.030195862055,13499.955061674118,16439.744585633278,12865.28758457303,21420.769828021526,22641.167522758245,14980.487892776728,15210.935052722692,15901.324187546968,6075.925089806318,9228.499474197626,11867.291962176561,10492.50805708766,10715.180052161217,5703.5987295508385,6755.949294060469,6411.222865730524,5578.044362336397,6027.982370764017,6641.44576138258,7757.456951707602,6480.519628673792,10529.761030137539,8147.678703427315,7920.43809479475,6354.454082399607,3719.2966626882553,2952.263947993517,3144.0479641258717,4720.619836121798,4728.431325703859,4147.1706186831,6039.696806818247,5522.830276608467,4954.655649334192,3832.656404584646,3962.8632438480854,4546.686587661505,3330.35693885386,4500.547013640404,2793.366501480341,3888.5842788517475,3475.385601222515,3263.8409334123135,3537.1583898365498,2475.085306018591,1849.3486564457417,1578.2289792895317,3047.545876711607,2082.437834173441,1773.959673076868,1068.320148319006,1252.94323438406,1498.4840315580368,2482.8088850677013,1214.8969382047653,1215.7461998164654,1400.607604265213,958.5569076538086,486.2232711315155,530.7865287363529,1222.168914169073,566.4899138212204,1668.5834009945393,732.5403901934624,745.4411051273346,633.4227061271667,480.86268720030785,282.77838256955147,537.0562197566032,351.73745235800743,293.9037499129772,355.8149226307869,219.17155447602272,509.3796751499176,309.0616516470909,319.8161144256592,240.95108538866043,401.80852204561234,278.8535716533661

Similarity matrix,Al-Fatiha,Al-Baqarah,Al Imran,An-Nisa,Al-Maidah,Al-Anam,Al-Araf,Al-Anfal,At-Tawbah,Yunus,Hud,Yusuf,Ar-Rad,Ibrahim,Al-Hijr,An-Nahl,Al-Isra,Al-Kahf,Maryam,Ta-Ha,Al-Anbiya,Al-Hajj,Al-Muminun,An-Nur,Al-Furqan,Ash-Shuara,An-Naml,Al-Qasas,Al-Ankabut,Ar-Rum,Luqmaan,As-Sajda,Al-Ahzaab,Saba (surah),Faatir,Yaseen,As-Saaffaat,Saad,Az-Zumar,Ghafir,Fussilat,Ash_Shooraa,Az-Zukhruf,Ad-Dukhaan,Al-Jaathiyah,Al-Ahqaaf,Muhammad,Al-Fath,Al-Hujuraat,Qaaf,Adh-Dhaariyaat,At-Toor,An-Najm,Al-Qamar,Ar-Rahman,Al-Waqia,Al-Hadeed,Al-Mujadila,Al-Hashr,Al-Mumtahanah,As-Saff,Al-Jumuah,Al-Munafiqoon,At-Taghabun,At-Talaq,At-Tahreem,Al-Mulk,Al-Qalam,Al-Haaqqa,Al-Maaarij,Nooh,Al-Jinn,Al-Muzzammil,Al-Muddaththir,Al-Qiyamah,Al-Insaan,Al-Mursalaat,An-Naba,An-Naaziaat,Abasa,At-Takweer,Al-Infitar,Al-Mutaffifeen,Al-Inshiqaaq,Al-Burooj,At-Taariq,Al-Alaa,Al-Ghaashiyah,Al-Fajr,Al-Balad,Ash-Shams,Al-Layl,Ad-Dhuha,Ash-Sharh,At-Teen,Al-Alaq,Al-Qadr,Al-Bayyinahh,Az-Zalzalah,Al-Aadiyaat,Al-Qaariah,At-Takaathur,Al-Asr,Al-Humazah,Al-Feel,Quraysh,Al-Maaoon,Al-Kawthar,Al-Kaafiroon,An-Nasr,Al-Masad,Al-Ikhlaas,Al-Falaq,Al-Naas
Al-Fatiha,0.0,0.12541300058364868,0.3549266755580902,0.19611185789108276,0.3056921660900116,0.2954111695289612,0.1861901879310608,0.205845445394516,0.1543588787317276,0.5370884537696838,0.46446850895881653,0.09245249629020691,0.49987655878067017,0.4697973430156708,0.4454120993614197,0.23271720111370087,0.4718224108219147,0.29729610681533813,0.46949800848960876,0.4176165461540222,0.3469550311565399,0.43685758113861084,0.36264729499816895,0.25999730825424194,0.5566737055778503,0.3451361656188965,0.3544714152812958,0.3941376507282257,0.6284962296485901,0.40962740778923035,0.5782380700111389,0.40701058506965637,0.3250473439693451,0.5190156698226929,0.421117901802063,0.3073592782020569,0.3307643234729767,0.4807099401950836,0.5888084769248962,0.5131022334098816,0.5922563672065735,0.6341803669929504,0.3695114254951477,0.3467097878456116,0.5186476111412048,0.5191688537597656,0.23653274774551392,0.35451602935791016,0.38229110836982727,0.4169718623161316,0.2721521556377411,0.44154810905456543,0.5209083557128906,0.24859558045864105,0.27083638310432434,0.19558458030223846,0.3984924554824829,0.375903457403183,0.4495297968387604,0.47147518396377563,0.463695228099823,0.5370591878890991,0.5116090178489685,0.5346813201904297,0.30771031975746155,0.44297078251838684,0.5184147953987122,0.41934534907341003,0.39455586671829224,0.4275761842727661,0.4747239053249359,0.5011196732521057,0.5497497320175171,0.6203936338424683,0.5054161548614502,0.36503034830093384,0.373205304145813,0.45061856508255005,0.530753493309021,0.43658044934272766,0.44669610261917114,0.5330444574356079,0.4329157769680023,0.5299883484840393,0.6397880911827087,0.5224939584732056,0.6063702702522278,0.4741766154766083,0.5278136134147644,0.4746023118495941,0.386588990688324,0.5663300156593323,0.6073560118675232,0.42587730288505554,0.5991395115852356,0.6419495940208435,0.26340967416763306,0.5192367434501648,0.30369964241981506,0.4806142747402191,0.43806564807891846,0.40071430802345276,0.19819766283035278,0.5185784101486206,0.44782277941703796,0.5130169987678528,0.576918363571167,0.6100817322731018,0.5167030096054077,0.6781980395317078,0.4463205337524414,0.552186131477356,0.234898641705513,0.6497451663017273
Al-Baqarah,0.12541300058364868,0.0,0.7380468845367432,0.6496652364730835,0.6724964380264282,0.07015682756900787,-0.011396493762731552,0.7395596504211426,0.7102247476577759,0.10918553918600082,-0.13366295397281647,0.14433704316616058,0.24399617314338684,0.19348427653312683,-0.1401403397321701,0.4967564046382904,0.09656190872192383,-0.21411585807800293,-0.21463510394096375,-0.14506225287914276,-0.11212020367383957,0.4728371500968933,0.05025005340576172,0.7635204195976257,0.008192319422960281,0.05875624343752861,0.07293622940778732,0.08673311769962311,0.22207526862621307,0.3846587538719177,0.5107830762863159,0.12204281985759735,0.6671664118766785,0.05706419423222542,0.4433669149875641,0.15490831434726715,-0.06310556083917618,-0.14694371819496155,0.12560418248176575,0.20308029651641846,0.2438640296459198,0.2571033239364624,-0.027349481359124184,0.06911057978868484,0.3455052375793457,0.15885265171527863,0.575067937374115,0.6292328834533691,0.7316020727157593,-0.12320385128259659,0.19240596890449524,0.1506187468767166,0.34825071692466736,-0.16517557203769684,0.12316436320543289,0.06228138133883476,0.5934613347053528,0.717154324054718,0.6055647730827332,0.583086371421814,0.589913010597229,0.48147326707839966,0.562920868396759,0.5752812623977661,0.6326321363449097,0.511057436466217,0.16207599639892578,0.06522081047296524,0.06232956051826477,0.26799654960632324,0.27102842926979065,0.26623332500457764,0.3454168736934662,0.22830554842948914,0.18485258519649506,0.23677076399326324,0.05512050539255142,0.11104331910610199,0.14226895570755005,0.312804251909256,0.20308531820774078,0.21595428884029388,0.13785342872142792,0.21473927795886993,0.35043033957481384,0.243406742811203,0.23622389137744904,0.21623583137989044,0.2807154953479767,0.3449364900588989,0.35256198048591614,0.3481115996837616,0.19913923740386963,0.1466442197561264,0.261227548122406,0.3563602864742279,0.229399174451828,0.4378473460674286,0.3654412627220154,0.4174911677837372,0.2552522122859955,0.33413243293762207,0.30109408497810364,0.34388500452041626,0.17783480882644653,0.35754573345184326,0.3728632926940918,0.2402079552412033,0.2508874535560608,0.4543834328651428,0.4478071331977844,0.15081769227981567,0.26530513167381287,0.28924301266670227
Al Imran,0.3549266755580902,0.7380468845367432,0.0,0.6194013357162476,0.7995072603225708,0.09395516663789749,-0.028802981600165367,0.7709354162216187,0.7858359813690186,0.3167774975299835,0.05924118682742119,0.010987889021635056,0.3680677115917206,0.33046847581863403,-0.06565853953361511,0.477475106716156,0.08292766660451889,-0.17376524209976196,-0.031864047050476074,-0.088248610496521,0.01710498332977295,0.5277957320213318,0.09572873264551163,0.6818798184394836,0.12410217523574829,0.1445549875497818,0.061338815838098526,0.1884738653898239,0.4569053649902344,0.40269502997398376,0.5036101341247559,0.24279436469078064,0.7384219765663147,0.25397390127182007,0.43369823694229126,0.11823710054159164,0.05497182160615921,-0.043794531375169754,0.3314695954322815,0.4570697546005249,0.4528998136520386,0.3701593279838562,0.05928318202495575,0.11039827018976212,0.5330999493598938,0.3802834153175354,0.7008019685745239,0.7553198933601379,0.7398653626441956,-0.07667388021945953,0.23618409037590027,0.2723930776119232,0.36603695154190063,-0.03898939490318298,0.09126070886850357,0.08882927894592285,0.6870419979095459,0.7818436026573181,0.6999430060386658,0.7782149314880371,0.7325308918952942,0.5687169432640076,0.6457112431526184,0.7269619107246399,0.6091492176055908,0.5526093244552612,0.2626926302909851,0.14294132590293884,0.19637317955493927,0.38133689761161804,0.3582403063774109,0.4354654848575592,0.3704351782798767,0.3637247383594513,0.17165887355804443,0.253701388835907,0.1009729728102684,0.20238295197486877,0.20066627860069275,0.27365970611572266,0.22045888006687164,0.2620730400085449,0.2529236376285553,0.378000408411026,0.5335228443145752,0.26392215490341187,0.3546789884567261,0.26759660243988037,0.3951815962791443,0.3777562975883484,0.3625773787498474,0.41662293672561646,0.3717164993286133,0.11817305535078049,0.39413371682167053,0.36073100566864014,0.07707978039979935,0.6622689962387085,0.3470531105995178,0.44286245107650757,0.28314274549484253,0.44273829460144043,0.38060951232910156,0.4093340039253235,0.29137682914733887,0.4994427263736725,0.4955727159976959,0.39189621806144714,0.3589073717594147,0.5470670461654663,0.473378986120224,0.3532430827617645,0.3021412789821625,0.3833869695663452
An-Nisa,0.19611185789108276,0.6496652364730835,0.6194013357162476,0.0,0.7262245416641235,-0.04274790361523628,-0.20260778069496155,0.6313226222991943,0.7542381882667542,0.022357124835252762,-0.1296817809343338,0.07897580415010452,0.25669941306114197,0.16067543625831604,-0.08044810593128204,0.42708510160446167,0.39554110169410706,-0.13129699230194092,-0.09442772716283798,-0.09167712181806564,-0.2252994328737259,0.525424599647522,0.04669395461678505,0.7879476547241211,0.1455008089542389,0.0034400864969938993,-0.08495721220970154,-0.06481371074914932,0.215317040681839,0.24841418862342834,0.46426862478256226,0.09488307684659958,0.8697745203971863,0.05316777154803276,0.5076370239257812,0.07072696089744568,-0.059520721435546875,-0.14745880663394928,0.09406985342502594,0.053280118852853775,0.22552607953548431,0.3338691294193268,-0.02430402673780918,0.05881940945982933,0.24858306348323822,0.16914060711860657,0.6085094809532166,0.7412636876106262,0.7236663103103638,-0.10121623426675797,0.12173919379711151,0.20406170189380646,0.2515310049057007,-0.04268139973282814,0.03892986848950386,0.0847456231713295,0.5355788469314575,0.7592279314994812,0.5960896611213684,0.7567705512046814,0.5785045027732849,0.40401187539100647,0.6044713854789734,0.6007421016693115,0.7076278924942017,0.4999161660671234,0.19513651728630066,0.05686115846037865,0.03081933781504631,0.27290186285972595,0.4064485430717468,0.3985240161418915,0.46576759219169617,0.22262237966060638,0.14679396152496338,0.29180386662483215,-0.027047201991081238,0.16940604150295258,0.10166031867265701,0.2962746322154999,0.18108013272285461,0.12606894969940186,0.0745134949684143,0.2150236815214157,0.3073945939540863,0.2256169468164444,0.2818409502506256,0.21626617014408112,0.3120075762271881,0.34852468967437744,0.3040279150009155,0.38957467675209045,0.30622199177742004,0.28676337003707886,0.24387072026729584,0.431140661239624,0.036638274788856506,0.39280468225479126,0.24918143451213837,0.26135385036468506,0.14299190044403076,0.3054644465446472,0.11115097254514694,0.2597745358943939,0.19392065703868866,0.4247102439403534,0.4371607303619385,0.3009977638721466,0.17936491966247559,0.49884602427482605,0.41268038749694824,0.202904611825943,0.28696000576019287,0.282875120639801
Al-Maidah,0.3056921660900116,0.6724964380264282,0.7995072603225708,0.7262245416641235,0.0,0.15167193114757538,0.08846955001354218,0.7673738598823547,0.8131011724472046,0.23639336228370667,0.0807279497385025,0.15819188952445984,0.3439236879348755,0.38016822934150696,0.00015902862651273608,0.5175971388816833,0.19650402665138245,-0.03587916120886803,-0.06548944860696793,0.00687633128836751,-0.06069536507129669,0.5496886372566223,0.19022433459758759,0.7484917044639587,0.08864697813987732,0.19166706502437592,0.12170041352510452,0.1991119086742401,0.41806885600090027,0.4021032154560089,0.5092517137527466,0.26530715823173523,0.8263410925865173,0.1352791041135788,0.4364054501056671,0.13147157430648804,0.0072044930420815945,-0.05856378376483917,0.24828515946865082,0.34308624267578125,0.3744792938232422,0.3201460540294647,0.08332769572734833,0.12286575138568878,0.4260473847389221,0.40797948837280273,0.7244294881820679,0.8237346410751343,0.7940676212310791,-0.049896106123924255,0.34078237414360046,0.3184282183647156,0.34754398465156555,0.006394835654646158,0.09633635729551315,0.12025104463100433,0.6414449214935303,0.7973245978355408,0.7596924304962158,0.818595290184021,0.7953897714614868,0.6165040731430054,0.7940433621406555,0.7230467200279236,0.7140770554542542,0.6498001217842102,0.2968337833881378,0.15285012125968933,0.19668824970722198,0.41384050250053406,0.5075879096984863,0.44925472140312195,0.43906426429748535,0.3341314494609833,0.20905859768390656,0.27360618114471436,0.10407166928052902,0.19787375628948212,0.19220507144927979,0.31514015793800354,0.20370478928089142,0.23474493622779846,0.21341514587402344,0.3463429808616638,0.48550665378570557,0.3183501362800598,0.336646169424057,0.27876773476600647,0.41099750995635986,0.44160351157188416,0.393841952085495,0.3840142488479614,0.3427963852882385,0.24343520402908325,0.4041672646999359,0.4610128700733185,0.09293311089277267,0.6342831254005432,0.3299556076526642,0.3892669975757599,0.2614477574825287,0.42684170603752136,0.24855837225914001,0.39222410321235657,0.3723771870136261,0.5903561115264893,0.5651780962944031,0.424845427274704,0.3575442135334015,0.5474738478660583,0.4998886287212372,0.3048499822616577,0.32858118414878845,0.3713836669921875
Al-Anam,0.2954111695289612,0.07015682756900787,0.09395516663789749,-0.04274790361523628,0.15167193114757538,0.0,0.5586925745010376,0.13724295794963837,0.0441824346780777,0.6954287886619568,0.38683196902275085,0.30425500869750977,0.45583462715148926,0.509056806564331,0.3415645956993103,0.5781381726264954,0.31362420320510864,0.48283734917640686,0.19446773827075958,0.3067627549171448,0.5921740531921387,0.3666873872280121,0.6584465503692627,0.09669053554534912,0.4294910430908203,0.20781627297401428,0.4747530519962311,0.39966776967048645,0.4702075719833374,0.599934458732605,0.4095434248447418,0.6380918622016907,-0.0008062501437962055,0.5544828176498413,0.4111438989639282,0.6155108213424683,0.3723733723163605,0.26940011978149414,0.5198896527290344,0.44052234292030334,0.5869712829589844,0.4934951066970825,0.6628066897392273,0.39204511046409607,0.5852291584014893,0.6850432753562927,0.38646551966667175,0.23151564598083496,0.33933183550834656,0.3635174036026001,0.3904922902584076,0.5709527730941772,0.48510807752609253,0.4080475866794586,0.43001633882522583,0.38370445370674133,0.1977989226579666,0.24424538016319275,0.3274340033531189,0.2567383944988251,0.4204769432544708,0.4619162976741791,0.3978387117385864,0.38331401348114014,0.28444620966911316,0.23600836098194122,0.7211211919784546,0.4896882176399231,0.30078813433647156,0.3838273882865906,0.29033419489860535,0.5314257740974426,0.3698044419288635,0.4334976375102997,0.40258926153182983,0.2945646643638611,0.40727874636650085,0.4276636242866516,0.40122082829475403,0.39288923144340515,0.26223045587539673,0.4039067029953003,0.386353999376297,0.3327433466911316,0.3797786831855774,0.43518611788749695,0.46511638164520264,0.4122447669506073,0.31343817710876465,0.410236120223999,0.3397844731807709,0.38526228070259094,0.3623017966747284,0.3943771421909332,0.44142240285873413,0.478250652551651,0.2574053108692169,0.4027596712112427,0.36929741501808167,0.2584668695926666,0.354582816362381,0.5217974185943604,-0.10141138732433319,0.38487598299980164,0.4611259698867798,0.30696800351142883,0.41295742988586426,0.5415736436843872,0.48931530117988586,0.3422018587589264,0.36993786692619324,0.4943104684352875,0.1620151698589325,0.39177021384239197
Al-Araf,0.1861901879310608,-0.011396493762731552,-0.028802981600165367,-0.20260778069496155,0.08846955001354218,0.5586925745010376,0.0,0.17029565572738647,-0.05523306131362915,0.5465734004974365,0.7202898263931274,0.6310672163963318,0.11648651212453842,0.6280890703201294,0.5885857343673706,0.2158139944076538,0.256148099899292,0.6047854423522949,0.35034045577049255,0.6043185591697693,0.6883119940757751,0.03917928785085678,0.671603798866272,-0.01570361852645874,0.2765440046787262,0.7200784683227539,0.7150595188140869,0.6926787495613098,0.48382800817489624,0.42793720960617065,0.24157877266407013,0.5882734060287476,0.004263104405254126,0.38183242082595825,0.14208364486694336,0.520967960357666,0.6085448861122131,0.5855599641799927,0.24466918408870697,0.5485481023788452,0.42316490411758423,0.18193241953849792,0.7145481109619141,0.603723406791687,0.4156515598297119,0.6348082423210144,0.12794741988182068,0.16406004130840302,0.21244828402996063,0.4982299208641052,0.7571769952774048,0.4891988933086395,0.35950058698654175,0.6471995115280151,0.376534104347229,0.35405057668685913,0.1185501366853714,0.06833930313587189,0.31816327571868896,0.13843849301338196,0.41639724373817444,0.41759616136550903,0.3164275288581848,0.3006182312965393,0.19555726647377014,0.4150477945804596,0.41484078764915466,0.6747207045555115,0.49493828415870667,0.3774569034576416,0.570168673992157,0.3662782311439514,0.27852025628089905,0.38351842761039734,0.4780048429965973,0.3465917110443115,0.40056198835372925,0.33207157254219055,0.5136870741844177,0.43605685234069824,0.3680281341075897,0.3667219579219818,0.4382743835449219,0.4123111367225647,0.41442814469337463,0.4069092571735382,0.3240317702293396,0.4039309322834015,0.4652450978755951,0.46745041012763977,0.5224371552467346,0.2841436266899109,0.32606375217437744,0.47175097465515137,0.5018948912620544,0.4088713228702545,0.18723125755786896,0.38813185691833496,0.3152208626270294,0.22840815782546997,0.28517407178878784,0.41486793756484985,-0.01490394864231348,0.42699161171913147,0.6386868953704834,0.36324045062065125,0.2928757071495056,0.5592518448829651,0.43442049622535706,0.2652270197868347,0.40454182028770447,0.3151569962501526,0.2076316475868225,0.2816261947154999
Al-Anfal,0.205845445394516,0.7395596504211426,0.7709354162216187,0.6313226222991943,0.7673738598823547,0.13724295794963837,0.17029565572738647,0.0,0.7906844019889832,0.33089005947113037,0.07235808670520782,0.18040569126605988,0.25328633189201355,0.4235069155693054,0.08789147436618805,0.5414116978645325,0.1803002506494522,-0.0692191869020462,-0.175127774477005,-0.05097748339176178,0.005730274599045515,0.4842669665813446,0.23806631565093994,0.76507568359375,0.042247090488672256,0.34014609456062317,0.22314713895320892,0.21846827864646912,0.4619637131690979,0.5082941055297852,0.5187773704528809,0.3160266876220703,0.7630857825279236,0.21417857706546783,0.453741192817688,0.2593764364719391,0.17357982695102692,8.523173164576292e-06,0.2268761545419693,0.3932163715362549,0.42670726776123047,0.2627760171890259,0.14155565202236176,0.29601308703422546,0.4753246605396271,0.38781458139419556,0.7016887664794922,0.7736205458641052,0.8223405480384827,0.027153342962265015,0.46598780155181885,0.34497660398483276,0.3621939718723297,0.04624970257282257,0.27542075514793396,0.2695186734199524,0.694567084312439,0.794059157371521,0.7563073039054871,0.742610514163971,0.7325506806373596,0.7106987237930298,0.7418229579925537,0.6962935924530029,0.6104769110679626,0.6427293419837952,0.324212908744812,0.23286475241184235,0.25709840655326843,0.47496649622917175,0.47591549158096313,0.3052350878715515,0.4390449821949005,0.36764395236968994,0.3193541467189789,0.33755090832710266,0.22607919573783875,0.24707795679569244,0.2914760708808899,0.33963003754615784,0.3034443259239197,0.38090232014656067,0.33052265644073486,0.3996729552745819,0.5569882392883301,0.39480504393577576,0.33173659443855286,0.3679072856903076,0.4119054079055786,0.484441876411438,0.45249873399734497,0.31864601373672485,0.3471899926662445,0.22742535173892975,0.447165310382843,0.410552054643631,0.2154778391122818,0.5864180326461792,0.4660913050174713,0.47678500413894653,0.35453978180885315,0.5337916016578674,0.36750122904777527,0.4731256067752838,0.4101044535636902,0.5044465661048889,0.4986271858215332,0.4532206952571869,0.362510085105896,0.5770212411880493,0.5571127533912659,0.2892189621925354,0.3219802677631378,0.39532870054244995
At-Tawbah,0.1543588787317276,0.7102247476577759,0.7858359813690186,0.7542381882667542,0.8131011724472046,0.0441824346780777,-0.05523306131362915,0.7906844019889832,0.0,0.1283988654613495,-0.08124512434005737,0.0009057791903614998,0.36348241567611694,0.24455277621746063,-0.1608126014471054,0.5454965829849243,0.12751013040542603,-0.16292576491832733,-0.2530946433544159,-0.2137146294116974,-0.17393644154071808,0.5690317153930664,0.07193756103515625,0.7871170043945312,0.06369427591562271,0.0034130262210965157,-0.08881707489490509,0.0016416956204921007,0.2647871673107147,0.4094133675098419,0.42263108491897583,0.2156030386686325,0.8024587035179138,0.07419063150882721,0.484479695558548,0.06698361039161682,-0.04821892827749252,-0.21677707135677338,0.23282964527606964,0.26325100660324097,0.3151169717311859,0.3061726987361908,-0.05924272909760475,0.06873052567243576,0.4029707908630371,0.2773935794830322,0.7336897850036621,0.841743528842926,0.7345378398895264,-0.1254458725452423,0.20107914507389069,0.2847483158111572,0.26265567541122437,-0.09389228373765945,-0.01785910315811634,0.0904296338558197,0.6363765597343445,0.8526735305786133,0.7534942626953125,0.7095403075218201,0.6594515442848206,0.5597231984138489,0.750881552696228,0.6022754907608032,0.682018518447876,0.45015981793403625,0.19914662837982178,0.07850336283445358,0.04138820245862007,0.39878109097480774,0.3577077388763428,0.3699895143508911,0.33041509985923767,0.2531011998653412,0.12780945003032684,0.2737521827220917,0.008501454256474972,0.13568466901779175,0.10600072145462036,0.21596461534500122,0.13791263103485107,0.09285498410463333,0.21176661550998688,0.27131399512290955,0.4316115975379944,0.16894090175628662,0.22019892930984497,0.26990872621536255,0.29972854256629944,0.36656829714775085,0.3644735515117645,0.3350726366043091,0.3116457462310791,0.12759248912334442,0.23023715615272522,0.3076719641685486,0.030414804816246033,0.6152603626251221,0.2753981053829193,0.3660404086112976,0.17774194478988647,0.3356257975101471,0.25621461868286133,0.3036412298679352,0.24425019323825836,0.4787819981575012,0.4795317053794861,0.3281986117362976,0.161056250333786,0.4814811646938324,0.45797985792160034,0.24898140132427216,0.2913072407245636,0.2468547523021698
Yunus,0.5370884537696838,0.10918553918600082,0.3167774975299835,0.022357124835252762,0.23639336228370667,0.6954287886619568,0.5465734004974365,0.33089005947113037,0.1283988654613495,0.0,0.5782533288002014,0.22456325590610504,0.44084885716438293,0.6073045134544373,0.5216909050941467,0.45999544858932495,0.3747474253177643,0.419332891702652,0.24189554154872894,0.41256827116012573,0.6037619113922119,0.3405272960662842,0.6209245920181274,0.17000921070575714,0.5383588075637817,0.5199018120765686,0.5671387910842896,0.4902736246585846,0.7887229323387146,0.6176143884658813,0.47244423627853394,0.732380211353302,0.1505957394838333,0.7621338963508606,0.4202224016189575,0.6163278818130493,0.49063000082969666,0.4898645281791687,0.6659290194511414,0.6614729762077332,0.8461963534355164,0.5470820665359497,0.7410513758659363,0.5569376945495605,0.7612780928611755,0.8711908459663391,0.4130038917064667,0.2989824116230011,0.37287938594818115,0.5209887623786926,0.5087116956710815,0.6643657088279724,0.46913397312164307,0.5688648819923401,0.4783393442630768,0.469641774892807,0.3253655731678009,0.32434096932411194,0.43876075744628906,0.45238232612609863,0.5287299752235413,0.6036500930786133,0.5238617658615112,0.5661287903785706,0.24008257687091827,0.2877403497695923,0.7706629037857056,0.6497280597686768,0.48126062750816345,0.49779507517814636,0.4265880584716797,0.5384025573730469,0.48218703269958496,0.5831043720245361,0.4899616241455078,0.3608323633670807,0.5267528891563416,0.5105472207069397,0.5797306299209595,0.39971181750297546,0.42605018615722656,0.5407675504684448,0.6123002171516418,0.5129503607749939,0.6355035305023193,0.5114465951919556,0.5638639330863953,0.5601338148117065,0.5160477161407471,0.45415905117988586,0.4171781539916992,0.5100530982017517,0.45652008056640625,0.4045040011405945,0.600163459777832,0.4917581081390381,0.28296852111816406,0.5499545931816101,0.4514947533607483,0.4088364541530609,0.4268634617328644,0.7074679136276245,0.10340473800897598,0.5546255707740784,0.5773329734802246,0.4278320074081421,0.5054640769958496,0.7024059295654297,0.647236704826355,0.5436246991157532,0.4028056561946869,0.439129114151001,0.3277141749858856,0.6288452744483948
Hud,0.46446850895881653,-0.13366295397281647,0.05924118682742119,-0.1296817809343338,0.0807279497385025,0.38683196902275085,0.7202898263931274,0.07235808670520782,-0.08124512434005737,0.5782533288002014,0.0,0.590457022190094,0.16308920085430145,0.6440715193748474,0.6977328062057495,0.06476259231567383,0.3547249436378479,0.6229045391082764,0.6198703646659851,0.7529113292694092,0.6587409973144531,0.08289219439029694,0.5475606918334961,-0.05345689505338669,0.41608771681785583,0.776675283908844,0.6859524846076965,0.7506722807884216,0.6176439523696899,0.32081469893455505,0.3640550971031189,0.5590136051177979,0.10260970890522003,0.5497221946716309,0.16723118722438812,0.465411901473999,0.6997636556625366,0.7750335931777954,0.4309297502040863,0.5507964491844177,0.4975638687610626,0.31335997581481934,0.7149014472961426,0.5924971699714661,0.43643316626548767,0.6489304900169373,0.10842696577310562,0.19958709180355072,0.16234099864959717,0.5621325373649597,0.7007784247398376,0.5480710864067078,0.41273659467697144,0.7112246751785278,0.3464716076850891,0.29716750979423523,0.08595199882984161,0.12938697636127472,0.2912385165691376,0.2681274116039276,0.44664520025253296,0.37172776460647583,0.3208536207675934,0.4131540358066559,0.19268928468227386,0.44227364659309387,0.4353926181793213,0.7285838723182678,0.6039108633995056,0.46362462639808655,0.6416066288948059,0.48948463797569275,0.40318241715431213,0.5136542916297913,0.621406078338623,0.3995303213596344,0.40938666462898254,0.4328990578651428,0.6319487690925598,0.5055804252624512,0.4813975989818573,0.45201030373573303,0.5337082147598267,0.5594679713249207,0.539091944694519,0.5100182890892029,0.4292242228984833,0.5300748944282532,0.6389206051826477,0.47833505272865295,0.49597862362861633,0.44451025128364563,0.5192873477935791,0.5926559567451477,0.5798994898796082,0.5173351168632507,0.22605666518211365,0.3916116952896118,0.3433364927768707,0.3289266526699066,0.37678706645965576,0.4527403712272644,0.11776797473430634,0.4983639717102051,0.7013152241706848,0.45342913269996643,0.3625841736793518,0.6945557594299316,0.5993579030036926,0.40871909260749817,0.44303184747695923,0.4704374074935913,0.2249661684036255,0.3777467608451843
Yusuf,0.09245249629020691,0.14433704316616058,0.010987889021635056,0.07897580415010452,0.15819188952445984,0.30425500869750977,0.6310672163963318,0.18040569126605988,0.0009057791903614998,0.22456325590610504,0.590457022190094,0.0,-0.1134977787733078,0.45991796255111694,0.46727269887924194,0.06995687633752823,0.2706668972969055,0.5422964692115784,0.42410531640052795,0.58570796251297,0.4372435510158539,-0.011613845825195312,0.42104777693748474,0.1155318021774292,0.058515798300504684,0.6448867321014404,0.7448444962501526,0.7117831110954285,0.31388187408447266,0.1562335193157196,0.3904995620250702,0.27903228998184204,0.2160673290491104,0.2064211219549179,0.1170000284910202,0.41939258575439453,0.4959757626056671,0.5448704957962036,0.08498843014240265,0.3213633894920349,0.15139852464199066,0.1793624460697174,0.55326247215271,0.40409108996391296,0.1409655213356018,0.3773498237133026,-0.011475707404315472,0.20637840032577515,0.32327577471733093,0.316666841506958,0.5657919645309448,0.2629907429218292,0.433921217918396,0.4720781445503235,0.3072403073310852,0.13286983966827393,0.009312456473708153,0.09808732569217682,0.23732784390449524,0.20336373150348663,0.4359288513660431,0.28905677795410156,0.26514366269111633,0.3213437497615814,0.2477068305015564,0.5306540131568909,0.251726359128952,0.6146886348724365,0.41031306982040405,0.16640034317970276,0.5804463624954224,0.35740625858306885,0.3174842596054077,0.34744593501091003,0.5230506062507629,0.28070947527885437,0.21048153936862946,0.18867793679237366,0.4415346384048462,0.507366955280304,0.44397062063217163,0.3572934865951538,0.21443580090999603,0.37491679191589355,0.3030088543891907,0.45656174421310425,0.35842010378837585,0.29751479625701904,0.4952743351459503,0.3831535875797272,0.4470682442188263,0.3050636947154999,0.3456306457519531,0.5497819781303406,0.4379552900791168,0.5451335906982422,0.24113349616527557,0.14323699474334717,0.3720436096191406,0.3046647012233734,0.21253004670143127,0.34977009892463684,0.026370462030172348,0.3776128888130188,0.5326663851737976,0.3690841794013977,0.14092887938022614,0.46844473481178284,0.47595253586769104,0.30945611000061035,0.418121874332428,0.4014693796634674,0.2503478527069092,0.2441541701555252
Ar-Rad,0.49987655878067017,0.24399617314338684,0.3680677115917206,0.25669941306114197,0.3439236879348755,0.45583462715148926,0.11648651212453842,0.25328633189201355,0.36348241567611694,0.44084885716438293,0.16308920085430145,-0.1134977787733078,0.0,0.5577055215835571,0.3573315441608429,0.6935999989509583,0.5240216851234436,0.31748607754707336,0.3493252694606781,0.24945823848247528,0.34407708048820496,0.7958758473396301,0.46055933833122253,0.4551874101161957,0.7957556843757629,0.02444514073431492,0.2641502618789673,0.13211870193481445,0.48417502641677856,0.78350830078125,0.696891725063324,0.6514068841934204,0.31322985887527466,0.6566261053085327,0.8378770351409912,0.5357547998428345,0.2935609519481659,0.2895588278770447,0.7004255056381226,0.40048208832740784,0.7180485129356384,0.802230715751648,0.36155664920806885,0.4923538565635681,0.7093111276626587,0.5600945949554443,0.6378074288368225,0.4996360242366791,0.3947424292564392,0.5876116752624512,0.3662734925746918,0.6894944906234741,0.727910578250885,0.3027505874633789,0.4014110863208771,0.5322743654251099,0.6588973999023438,0.5879244804382324,0.6771047711372375,0.3740266263484955,0.471248596906662,0.6293231844902039,0.4455847144126892,0.49470293521881104,0.6276617050170898,0.29929032921791077,0.6557618975639343,0.35220131278038025,0.4619980752468109,0.6955801248550415,0.3150263726711273,0.617280125617981,0.636134684085846,0.6834666728973389,0.5443583726882935,0.6330749988555908,0.5807307958602905,0.725390613079071,0.6198858022689819,0.6399766206741333,0.5615885257720947,0.5765720009803772,0.5559871792793274,0.5604116320610046,0.7215291857719421,0.6280884146690369,0.6921573281288147,0.6747843027114868,0.5797688961029053,0.7011010050773621,0.6352452039718628,0.6270354986190796,0.4941776692867279,0.48130664229393005,0.5952396392822266,0.5910138487815857,0.5894607305526733,0.7264409065246582,0.5337313413619995,0.6308863759040833,0.6324880123138428,0.5366963744163513,0.2646164894104004,0.6685916781425476,0.5597975850105286,0.43863022327423096,0.7505370378494263,0.6241276860237122,0.26259419322013855,0.6793334484100342,0.6302342414855957,0.5494226217269897,0.4279496371746063,0.5926246643066406
Ibrahim,0.4697973430156708,0.19348427653312683,0.33046847581863403,0.16067543625831604,0.38016822934150696,0.509056806564331,0.6280890703201294,0.4235069155693054,0.24455277621746063,0.6073045134544373,0.6440715193748474,0.45991796255111694,0.5577055215835571,0.0,0.5682359337806702,0.5581355690956116,0.5076127052307129,0.4642329216003418,0.4597780704498291,0.6013639569282532,0.5514577031135559,0.6320584416389465,0.6207910776138306,0.43699944019317627,0.5523189306259155,0.5482615828514099,0.6203600764274597,0.49857497215270996,0.7140899300575256,0.7618383765220642,0.7229588627815247,0.7889937162399292,0.3728492259979248,0.6646282076835632,0.6262612342834473,0.6675974726676941,0.6051344275474548,0.6423071026802063,0.6090924143791199,0.7026501893997192,0.7407166957855225,0.6370833516120911,0.6892607808113098,0.7284286022186279,0.7308111190795898,0.7689368724822998,0.5258854031562805,0.5994328856468201,0.49964168667793274,0.6600079536437988,0.6997836828231812,0.7404924631118774,0.6150484085083008,0.6134876608848572,0.6240692138671875,0.5390974283218384,0.6307533383369446,0.5271632075309753,0.6258743405342102,0.523850679397583,0.6691043972969055,0.6959829926490784,0.5504785180091858,0.7362099885940552,0.644234299659729,0.6518130898475647,0.708503007888794,0.6565452218055725,0.6642385125160217,0.7317324876785278,0.7071732878684998,0.6456395983695984,0.7520948648452759,0.7148216366767883,0.7771114110946655,0.7805941104888916,0.6349507570266724,0.7602282762527466,0.7301424741744995,0.7623753547668457,0.6269533634185791,0.6958085894584656,0.6575983762741089,0.7250847220420837,0.7519222497940063,0.7341361045837402,0.678139328956604,0.750544011592865,0.7683124542236328,0.7815327048301697,0.7178626656532288,0.6673053503036499,0.5702571272850037,0.6827751994132996,0.8009119629859924,0.7294143438339233,0.497904509305954,0.6030668020248413,0.7220035791397095,0.6329609751701355,0.649494469165802,0.7114522457122803,0.17729297280311584,0.8041017651557922,0.7869479060173035,0.5869410037994385,0.6504907011985779,0.8069435954093933,0.5849185585975647,0.7133092880249023,0.7696802616119385,0.5385111570358276,0.4002818167209625,0.6583017110824585
Al-Hijr,0.4454120993614197,-0.1401403397321701,-0.06565853953361511,-0.08044810593128204,0.00015902862651273608,0.3415645956993103,0.5885857343673706,0.08789147436618805,-0.1608126014471054,0.5216909050941467,0.6977328062057495,0.46727269887924194,0.3573315441608429,0.5682359337806702,0.0,0.1428154855966568,0.6702303886413574,0.6963097453117371,0.7357896566390991,0.7723584771156311,0.7575383186340332,0.17435894906520844,0.6695864796638489,-0.07094282656908035,0.6699531078338623,0.777868926525116,0.7738062143325806,0.6683716177940369,0.5719608664512634,0.4045305550098419,0.42804035544395447,0.6611726880073547,0.07133877277374268,0.6233728528022766,0.35212934017181396,0.7337296009063721,0.7959824800491333,0.83940589427948,0.3063160479068756,0.2847026288509369,0.513374924659729,0.3864358961582184,0.7826015949249268,0.797157347202301,0.46195486187934875,0.617877721786499,0.11564173549413681,0.1116458922624588,0.12316104769706726,0.8156688809394836,0.7719125747680664,0.6789467334747314,0.518570601940155,0.7973916530609131,0.42550361156463623,0.6785523891448975,0.1627397984266281,0.09009923040866852,0.31077635288238525,0.1408882588148117,0.28501614928245544,0.43332237005233765,0.26059895753860474,0.24200129508972168,0.15667861700057983,0.29612356424331665,0.5313118100166321,0.787224292755127,0.7752703428268433,0.555524468421936,0.5117968320846558,0.4345909357070923,0.5534204840660095,0.6283389329910278,0.7043136358261108,0.5440888404846191,0.7557535767555237,0.6663788557052612,0.7395243644714355,0.6274707317352295,0.6713908314704895,0.7251286506652832,0.6582480072975159,0.6063865423202515,0.602614164352417,0.7106305360794067,0.6197620034217834,0.6891109943389893,0.6317594051361084,0.6207801699638367,0.5634796619415283,0.4114307761192322,0.6073651909828186,0.7264137864112854,0.6792740821838379,0.5641019344329834,0.5440314412117004,0.37292569875717163,0.5055854320526123,0.4244915843009949,0.5993068814277649,0.5380021929740906,0.13009949028491974,0.6335262656211853,0.7402513027191162,0.34223616123199463,0.43467310070991516,0.7577129006385803,0.46688681840896606,0.4157869815826416,0.4688885509967804,0.4645806550979614,0.22960226237773895,0.4554557502269745
