Books,Al-Fatiha,Al-Baqarah,Al Imran,An-Nisa,Al-Maidah,Al-Anam,Al-Araf,Al-Anfal,At-Tawbah,Yunus,Hud,Yusuf,Ar-Rad,Ibrahim,Al-Hijr,An-Nahl,Al-Isra,Al-Kahf,Maryam,Ta-Ha,Al-Anbiya,Al-Hajj,Al-Muminun,An-Nur,Al-Furqan,Ash-Shuara,An-Naml,Al-Qasas,Al-Ankabut,Ar-Rum,Luqmaan,As-Sajda,Al-Ahzaab,Saba (surah),Faatir,Yaseen,As-Saaffaat,Saad,Az-Zumar,Ghafir,Fussilat,Ash_Shooraa,Az-Zukhruf,Ad-Dukhaan,Al-Jaathiyah,Al-Ahqaaf,Muhammad,Al-Fath,Al-Hujuraat,Qaaf,Adh-Dhaariyaat,At-Toor,An-Najm,Al-Qamar,Ar-Rahman,Al-Waqia,Al-Hadeed,Al-Mujadila,Al-Hashr,Al-Mumtahanah,As-Saff,Al-Jumuah,Al-Munafiqoon,At-Taghabun,At-Talaq,At-Tahreem,Al-Mulk,Al-Qalam,Al-Haaqqa,Al-Maaarij,Nooh,Al-Jinn,Al-Muzzammil,Al-Muddaththir,Al-Qiyamah,Al-Insaan,Al-Mursalaat,An-Naba,An-Naaziaat,Abasa,At-Takweer,Al-Infitar,Al-Mutaffifeen,Al-Inshiqaaq,Al-Burooj,At-Taariq,Al-Alaa,Al-Ghaashiyah,Al-Fajr,Al-Balad,Ash-Shams,Al-Layl,Ad-Dhuha,Ash-Sharh,At-Teen,Al-Alaq,Al-Qadr,Al-Bayyinahh,Az-Zalzalah,Al-Aadiyaat,Al-Qaariah,At-Takaathur,Al-Asr,Al-Humazah,Al-Feel,Quraysh,Al-Maaoon,Al-Kawthar,Al-Kaafiroon,An-Nasr,Al-Masad,Al-Ikhlaas,Al-Falaq,Al-Naas
Book document vector lengths,1.2650006,13.206237,9.173455,15.543562,10.602835,9.923885,9.947277,9.676996,14.572701,8.612438,8.6065855,12.901128,7.62249,6.068357,7.8943934,7.62558,7.6679864,10.192857,8.630317,9.325335,8.358497,7.064074,7.490175,10.751347,6.527422,11.024079,7.768757,9.137491,6.948493,6.8399177,6.0101023,5.510831,12.1553955,5.8148627,7.450195,6.198027,8.80063,7.75063,7.888739,7.5297127,5.5018816,7.3071117,6.5205913,5.744129,6.2700047,6.2312155,7.251934,7.727797,5.725744,6.35877,4.696516,5.728472,5.740698,6.8048105,10.51895,7.2237835,6.915311,6.7462173,5.7189703,5.994111,4.145445,2.909616,3.950801,5.3144965,5.1250257,4.4654884,4.96648,5.3542275,5.1044264,4.98701,4.446518,4.753518,4.454751,4.9097466,4.630012,5.0568643,5.6803346,4.6329927,4.4010925,4.5682,3.593263,2.9628253,3.991188,3.2238839,3.3333206,2.6429346,2.6466691,3.6783032,3.2283466,2.2239604,2.2779958,2.3716285,2.0721786,1.6966612,1.400029,2.7918553,1.1646713,2.4651148,1.7556797,1.6555631,2.1083527,1.8386533,0.8792026,1.7734869,1.2858791,1.2044501,1.2491685,0.63595694,1.0578364,0.7928408,1.5937997,0.57611054,1.1456474,1.2660859
Book sum of word vector lengths,646.6860257387161,93830.85932195187,54642.185421168804,54932.91112446785,43228.98828983307,49740.68736478686,54696.22206774354,18850.283839672804,38968.96933442354,29326.77773782611,31483.535643696785,27669.135489612818,13018.338664025068,13474.388931363821,10681.10739004612,30082.321180045605,24806.79098176956,25956.239138543606,15634.746142834425,22040.991032004356,19581.0192553699,19703.54560622573,16659.047444224358,20358.991696745157,14653.626004308462,22679.491711497307,18656.136512368917,23305.7403165102,16366.356933653355,13345.551812499762,8514.577230721712,6073.824741333723,19057.819604098797,13979.44286891818,12044.446982115507,11818.490961819887,13274.069727987051,11366.495095849037,19278.220254153013,19566.84919807315,12780.000051021576,13967.637873142958,14198.606077998877,5363.137221395969,8557.753683894873,10498.725558191538,9300.545462399721,9096.145849376917,5130.097286790609,5795.4427408874035,5368.001526415348,5024.081172555685,5562.785571783781,5690.806078195572,6430.582674771547,5254.011029005051,9957.905399173498,7576.833863347769,7330.078762590885,5553.944106608629,3370.841433227062,2658.131953060627,3087.3717477321625,4550.017715841532,4257.109209030867,3950.0307492613792,5352.864351511002,5209.9052747786045,4087.054498553276,3072.4178835749626,3363.370739966631,4108.46978533268,2893.5433800816536,3630.3987379074097,2502.0120221674442,3405.1980881392956,3042.4944043159485,2747.822888880968,3074.1063963472843,1893.2499712705612,1518.0094220042229,1252.6983872950077,2510.754981547594,1763.9838040173054,1645.5664180517197,844.8172600567341,1090.7603385150433,1044.7762145102024,2085.635637909174,1223.0796212553978,1057.752234429121,1300.5581362843513,741.0685628056526,421.0088983178139,473.91237527132034,1159.2558588385582,458.6603347659111,1401.79585647583,607.5142842531204,643.8849152624607,547.6502246260643,498.8258093893528,261.58880603313446,392.49837851524353,345.46177193522453,228.81737530231476,349.0045126080513,193.82506215572357,340.8745677471161,283.5044047832489,275.1391578614712,210.638436794281,358.56529730558395,378.6439508795738

Similarity matrix,Al-Fatiha,Al-Baqarah,Al Imran,An-Nisa,Al-Maidah,Al-Anam,Al-Araf,Al-Anfal,At-Tawbah,Yunus,Hud,Yusuf,Ar-Rad,Ibrahim,Al-Hijr,An-Nahl,Al-Isra,Al-Kahf,Maryam,Ta-Ha,Al-Anbiya,Al-Hajj,Al-Muminun,An-Nur,Al-Furqan,Ash-Shuara,An-Naml,Al-Qasas,Al-Ankabut,Ar-Rum,Luqmaan,As-Sajda,Al-Ahzaab,Saba (surah),Faatir,Yaseen,As-Saaffaat,Saad,Az-Zumar,Ghafir,Fussilat,Ash_Shooraa,Az-Zukhruf,Ad-Dukhaan,Al-Jaathiyah,Al-Ahqaaf,Muhammad,Al-Fath,Al-Hujuraat,Qaaf,Adh-Dhaariyaat,At-Toor,An-Najm,Al-Qamar,Ar-Rahman,Al-Waqia,Al-Hadeed,Al-Mujadila,Al-Hashr,Al-Mumtahanah,As-Saff,Al-Jumuah,Al-Munafiqoon,At-Taghabun,At-Talaq,At-Tahreem,Al-Mulk,Al-Qalam,Al-Haaqqa,Al-Maaarij,Nooh,Al-Jinn,Al-Muzzammil,Al-Muddaththir,Al-Qiyamah,Al-Insaan,Al-Mursalaat,An-Naba,An-Naaziaat,Abasa,At-Takweer,Al-Infitar,Al-Mutaffifeen,Al-Inshiqaaq,Al-Burooj,At-Taariq,Al-Alaa,Al-Ghaashiyah,Al-Fajr,Al-Balad,Ash-Shams,Al-Layl,Ad-Dhuha,Ash-Sharh,At-Teen,Al-Alaq,Al-Qadr,Al-Bayyinahh,Az-Zalzalah,Al-Aadiyaat,Al-Qaariah,At-Takaathur,Al-Asr,Al-Humazah,Al-Feel,Quraysh,Al-Maaoon,Al-Kawthar,Al-Kaafiroon,An-Nasr,Al-Masad,Al-Ikhlaas,Al-Falaq,Al-Naas
Al-Fatiha,0.0,0.12396792322397232,0.3908151686191559,0.28242552280426025,0.3770320415496826,0.4497716724872589,0.5978906154632568,0.2870336174964905,0.2340516895055771,0.712507963180542,0.676410436630249,0.3416401743888855,0.5163413286209106,0.6455950736999512,0.6297359466552734,0.43294966220855713,0.654914140701294,0.524472713470459,0.6305556893348694,0.5850599408149719,0.653007984161377,0.5088563561439514,0.5574350953102112,0.24529536068439484,0.7120357155799866,0.5766252279281616,0.5794817805290222,0.6337341666221619,0.7217944860458374,0.4400695860385895,0.5897535681724548,0.6651782393455505,0.26560690999031067,0.6742411851882935,0.5341022610664368,0.6578639149665833,0.5528796315193176,0.6156413555145264,0.6096728444099426,0.6116172671318054,0.735336184501648,0.6478205919265747,0.646860659122467,0.6126279234886169,0.7078477740287781,0.7585998773574829,0.44090157747268677,0.4264509975910187,0.4567556381225586,0.6223993301391602,0.5300018787384033,0.6417418718338013,0.5320733189582825,0.5946002006530762,0.3724016845226288,0.48806366324424744,0.4746294915676117,0.5009027719497681,0.5798938870429993,0.5017640590667725,0.6552870869636536,0.5829986333847046,0.655974268913269,0.5733410716056824,0.5222762823104858,0.5567700266838074,0.5392899513244629,0.6777243614196777,0.6710191965103149,0.6083381175994873,0.7138872742652893,0.7335523366928101,0.7246368527412415,0.7189372777938843,0.620970606803894,0.5611643195152283,0.6594123244285583,0.5662915110588074,0.6756215691566467,0.6454359292984009,0.5531461238861084,0.673763632774353,0.6471892595291138,0.6952227354049683,0.7264001965522766,0.6256039142608643,0.7270264029502869,0.6780211329460144,0.5821565985679626,0.6164511442184448,0.5939067602157593,0.6380971074104309,0.7046037912368774,0.7403339743614197,0.8053145408630371,0.7570439577102661,0.32285571098327637,0.5662338733673096,0.5199334025382996,0.5341039896011353,0.6321378350257874,0.6155580282211304,0.6702157855033875,0.7171564698219299,0.7031695246696472,0.7154608368873596,0.7869269847869873,0.653164267539978,0.6040247678756714,0.5836861729621887,0.6637928485870361,0.5523668527603149,0.2676784098148346,0.641697883605957
Al-Baqarah,0.12396792322397232,0.0,0.748283326625824,0.7436698079109192,0.7067568898200989,0.01590578630566597,-0.015233437530696392,0.6567277908325195,0.6040326952934265,0.06434182822704315,-0.0707358568906784,0.003139490494504571,0.16410037875175476,0.3235836327075958,-0.1486736387014389,0.36350658535957336,0.03837433457374573,-0.17957815527915955,-0.0834423080086708,-0.18521201610565186,-0.03606078028678894,0.46521320939064026,-0.06029283627867699,0.7466382384300232,-0.00980356428772211,-0.08792085945606232,-0.10674048215150833,0.021451814100146294,0.3615449368953705,0.38505566120147705,0.4724246859550476,0.1511792689561844,0.6474680304527283,0.15576602518558502,0.4916585087776184,0.045961733907461166,-0.07338351011276245,-0.1394219845533371,0.1352328062057495,0.13959021866321564,0.22564582526683807,0.36912885308265686,0.20359496772289276,0.05624028667807579,0.40964117646217346,0.17966428399085999,0.497755765914917,0.5547609925270081,0.6452085971832275,-0.05703362077474594,0.19098733365535736,0.22431550920009613,0.1848893016576767,0.06079759821295738,0.21243757009506226,0.11070729792118073,0.5816308856010437,0.6192403435707092,0.5771760940551758,0.6418681144714355,0.4353716969490051,0.43733692169189453,0.3995820879936218,0.5312173962593079,0.5899789929389954,0.2979468107223511,0.27863970398902893,0.13329792022705078,0.154170960187912,0.24971531331539154,0.19264695048332214,0.31658735871315,0.2925970256328583,0.21013638377189636,0.1672855168581009,0.11066998541355133,0.06162897124886513,0.09929293394088745,-0.01104509923607111,0.27372032403945923,0.20316310226917267,0.1687091588973999,0.08581633120775223,0.19430360198020935,0.31170374155044556,0.23094548285007477,0.158813938498497,0.22753384709358215,0.11042120307683945,0.19875001907348633,0.2371174842119217,0.0465083010494709,0.2299589067697525,0.18633092939853668,0.15418565273284912,0.11915773153305054,0.03627941757440567,0.32822054624557495,0.2590019106864929,0.20019571483135223,0.20796488225460052,0.3562108874320984,0.3224342167377472,0.2741086781024933,0.2025194764137268,0.30430760979652405,0.2963026762008667,0.11336123943328857,0.22406905889511108,0.25746607780456543,0.31608983874320984,0.3404875099658966,-0.021617481485009193,0.27482515573501587
Al Imran,0.3908151686191559,0.748283326625824,0.0,0.7606081962585449,0.8132562637329102,0.07196348905563354,0.040113579481840134,0.812598466873169,0.7540187835693359,0.232126384973526,0.14054445922374725,-0.036008238792419434,0.3411358594894409,0.4922924339771271,-0.13996726274490356,0.3989224433898926,0.08588969707489014,-0.15489691495895386,-0.020534589886665344,-0.10418223589658737,0.004359611310064793,0.5548475384712219,0.020073067396879196,0.7365531921386719,0.17077872157096863,-0.0034019446466118097,-0.02943122200667858,0.15767133235931396,0.5428351163864136,0.3862267732620239,0.4784800410270691,0.2838982045650482,0.7638453841209412,0.30107855796813965,0.4898993670940399,0.07309576869010925,-0.004161716438829899,0.013265950605273247,0.31934601068496704,0.4148639738559723,0.41228482127189636,0.542769193649292,0.31274962425231934,0.1610804945230484,0.61615389585495,0.4231337904930115,0.6731031537055969,0.7794808745384216,0.6690049767494202,0.0414072647690773,0.1869829148054123,0.3357751965522766,0.2755334675312042,0.14701123535633087,0.2496132254600525,0.06019774451851845,0.7428786754608154,0.7333164811134338,0.7354172468185425,0.7757434248924255,0.7210399508476257,0.6023842692375183,0.5718045830726624,0.694209635257721,0.6346563100814819,0.5428646206855774,0.2994225323200226,0.19138987362384796,0.22600041329860687,0.3526507616043091,0.31961745023727417,0.4635562002658844,0.4059315323829651,0.30920833349227905,0.2100002020597458,0.16459451615810394,0.16472311317920685,0.14682091772556305,0.11492882668972015,0.29943862557411194,0.23308174312114716,0.3003872036933899,0.28302088379859924,0.3576454818248749,0.5284901261329651,0.26284486055374146,0.26879703998565674,0.312481164932251,0.18836218118667603,0.2175537645816803,0.3579821288585663,0.27568304538726807,0.3836102783679962,0.3013738691806793,0.34668809175491333,0.270004004240036,-0.00017353185103274882,0.6089942455291748,0.32171371579170227,0.36577075719833374,0.3563973009586334,0.42737480998039246,0.41993552446365356,0.4117822051048279,0.2769100069999695,0.4529387056827545,0.4995473027229309,0.3461911976337433,0.3422527313232422,0.47003141045570374,0.4147897958755493,0.4794706404209137,0.06891337782144547,0.524228572845459
An-Nisa,0.28242552280426025,0.7436698079109192,0.7606081962585449,0.0,0.8358533382415771,0.07875239849090576,-0.1957874447107315,0.7429017424583435,0.7531585693359375,0.02137797512114048,-0.10062330961227417,-0.07297996431589127,0.2970653176307678,0.29013726115226746,-0.21025550365447998,0.4076508581638336,0.2773531675338745,-0.0981348305940628,-0.0673060417175293,-0.22302819788455963,-0.07770472019910812,0.5068454146385193,-0.1420794576406479,0.7959057092666626,0.12983079254627228,-0.2364954650402069,-0.20958782732486725,-0.08947525918483734,0.3074341118335724,0.2372426688671112,0.4356761872768402,0.08834715187549591,0.8096121549606323,0.1970970779657364,0.5564438104629517,-0.001530906418338418,-0.14679387211799622,-0.13693444430828094,0.1756821721792221,0.028323117643594742,0.302658349275589,0.5315683484077454,0.15913474559783936,-0.040187250822782516,0.3274937868118286,0.14107927680015564,0.6298282146453857,0.7593571543693542,0.7403218746185303,-0.10020214319229126,0.04844994470477104,0.2743658721446991,0.26029205322265625,-0.049288421869277954,0.2063993662595749,0.014064758084714413,0.6123942732810974,0.7587787508964539,0.64590984582901,0.8049594759941101,0.4857810437679291,0.4594425559043884,0.5040120482444763,0.5671241879463196,0.667780339717865,0.4360475242137909,0.2779925763607025,0.14990617334842682,0.08920744806528091,0.30196383595466614,0.22007037699222565,0.4339483976364136,0.36731982231140137,0.2341327965259552,0.12690819799900055,0.13614723086357117,-0.07275144010782242,0.060498904436826706,-0.07013541460037231,0.27538150548934937,0.13175567984580994,0.20617973804473877,0.017262330278754234,0.15865568816661835,0.38920679688453674,0.20531252026557922,0.1850595772266388,0.21715494990348816,0.08436368405818939,0.29644694924354553,0.19791735708713531,0.1241961121559143,0.3881053030490875,0.2091502994298935,0.18426990509033203,0.2045617550611496,-0.033272694796323776,0.3580438494682312,0.2683006525039673,0.20143234729766846,0.20994196832180023,0.31276148557662964,0.3904356360435486,0.3064465820789337,0.2773953974246979,0.36218079924583435,0.3314366042613983,0.34279048442840576,0.2624177634716034,0.37743937969207764,0.3672780692577362,0.5449416637420654,0.1108645498752594,0.3922269940376282
Al-Maidah,0.3770320415496826,0.7067568898200989,0.8132562637329102,0.8358533382415771,0.0,0.08136364072561264,0.070856973528862,0.796506941318512,0.7469897270202637,0.12497959285974503,0.0924273356795311,0.06713251024484634,0.2628409266471863,0.3578014373779297,-0.028870167210698128,0.3734525442123413,0.21154873073101044,-0.03390951082110405,0.03210470825433731,-0.03419293463230133,0.050607070326805115,0.4532475173473358,0.0012694094330072403,0.7504969239234924,0.15300293266773224,0.0811753123998642,-0.006031465716660023,0.11894552409648895,0.42919060587882996,0.2214210480451584,0.43972620368003845,0.2687317728996277,0.824901819229126,0.2646666467189789,0.4488680958747864,0.16171936690807343,0.07099523395299911,0.07721401005983353,0.17272412776947021,0.18271853029727936,0.3313765227794647,0.4460890293121338,0.3402916193008423,0.13815991580486298,0.4796445071697235,0.383547842502594,0.6551774740219116,0.7768893241882324,0.7893974781036377,0.018954811617732048,0.2993762195110321,0.38032108545303345,0.2501181364059448,0.18282786011695862,0.3118826746940613,0.14659589529037476,0.645457923412323,0.7610496282577515,0.737578272819519,0.8369961380958557,0.6427562832832336,0.543240487575531,0.6106324791908264,0.6292403340339661,0.613980233669281,0.632839024066925,0.28905394673347473,0.3039385676383972,0.2592761516571045,0.3609696924686432,0.3471835255622864,0.4332483112812042,0.4284241795539856,0.2903269827365875,0.15097567439079285,0.18742069602012634,0.0713132917881012,0.15166588127613068,0.03832116723060608,0.28401124477386475,0.22528056800365448,0.25765812397003174,0.21294941008090973,0.26285064220428467,0.5155646800994873,0.27242353558540344,0.2522108852863312,0.3144051134586334,0.19872090220451355,0.2709122598171234,0.3258008360862732,0.16947346925735474,0.44204097986221313,0.3905167877674103,0.32628971338272095,0.2892990708351135,-0.03131679445505142,0.5357303023338318,0.3078194558620453,0.30987927317619324,0.2890661060810089,0.39903876185417175,0.37884649634361267,0.38241639733314514,0.3474421501159668,0.48655012249946594,0.4515436291694641,0.4109841585159302,0.43384256958961487,0.4096766710281372,0.4274676442146301,0.4787586033344269,0.06596959382295609,0.5141549706459045
Al-Anam,0.4497716724872589,0.01590578630566597,0.07196348905563354,0.07875239849090576,0.08136364072561264,0.0,0.4368187189102173,0.05114012211561203,0.01872699335217476,0.6704106330871582,0.2541753053665161,0.21094229817390442,0.592512845993042,0.38812318444252014,0.37083056569099426,0.7478384971618652,0.3945861756801605,0.40614813566207886,0.24099566042423248,0.2813744843006134,0.5876334309577942,0.3595520853996277,0.6016330122947693,0.09533023834228516,0.5479039549827576,0.22883595526218414,0.47305166721343994,0.35232090950012207,0.5498259663581848,0.608492910861969,0.4554756283760071,0.6287232041358948,-0.090884268283844,0.5556651949882507,0.4600655734539032,0.5899540781974792,0.30266445875167847,0.2766050100326538,0.5873788595199585,0.48144862055778503,0.6047468185424805,0.42978015542030334,0.6755659580230713,0.24567462503910065,0.6000786423683167,0.4918578267097473,0.4015214145183563,0.13429555296897888,0.36243805289268494,0.3677733540534973,0.23179671168327332,0.4208318889141083,0.60677170753479,0.35485541820526123,0.3572251498699188,0.3741689920425415,0.23237784206867218,0.20568454265594482,0.31855469942092896,0.18975594639778137,0.3613485097885132,0.5003292560577393,0.38798487186431885,0.3905142545700073,0.2258058786392212,0.13158056139945984,0.5554605722427368,0.483394056558609,0.45156270265579224,0.34339261054992676,0.29877418279647827,0.5497270226478577,0.3269859850406647,0.5533093214035034,0.4781436026096344,0.20536917448043823,0.46869200468063354,0.4081353545188904,0.4684487581253052,0.45086291432380676,0.409013032913208,0.48383039236068726,0.38803336024284363,0.4688943326473236,0.3523247539997101,0.44471222162246704,0.5367772579193115,0.3833502531051636,0.3604472577571869,0.5504593253135681,0.37349143624305725,0.3382839858531952,0.3990013003349304,0.4584309160709381,0.5005921721458435,0.4566820561885834,0.3026024401187897,0.3142213523387909,0.2764686346054077,0.40299439430236816,0.40430963039398193,0.5045624375343323,0.43957647681236267,0.46878552436828613,0.4548957943916321,0.2977070212364197,0.4078783094882965,0.35982921719551086,0.5631718635559082,0.222297802567482,0.42681023478507996,0.5440691709518433,0.14624159038066864,0.3983539044857025
Al-Araf,0.5978906154632568,-0.015233437530696392,0.040113579481840134,-0.1957874447107315,0.070856973528862,0.4368187189102173,0.0,-0.01635228656232357,-0.1281585991382599,0.6669270992279053,0.6949644684791565,0.5047904253005981,0.17581920325756073,0.45910876989364624,0.6112388968467712,0.26063433289527893,0.31252995133399963,0.5244035124778748,0.448934406042099,0.644341230392456,0.6942800879478455,0.04840104281902313,0.6829485893249512,-0.04121475666761398,0.45148083567619324,0.7137519121170044,0.7116122841835022,0.723325252532959,0.6036026477813721,0.3707175850868225,0.26159167289733887,0.6449859142303467,-0.10425325483083725,0.4784642159938812,0.11393316090106964,0.6319587230682373,0.7041926383972168,0.5677506923675537,0.2800583839416504,0.5205472111701965,0.41768258810043335,0.15177099406719208,0.655482292175293,0.5575780868530273,0.5445519685745239,0.687321126461029,0.21327334642410278,0.022677114233374596,0.18274669349193573,0.4674566388130188,0.6920185089111328,0.430633544921875,0.31541410088539124,0.6213894486427307,0.38991573452949524,0.5323392748832703,0.10059626400470734,0.05368294566869736,0.2830967605113983,0.18465854227542877,0.41976016759872437,0.31071940064430237,0.32992056012153625,0.22086158394813538,0.22510956227779388,0.42804399132728577,0.35602542757987976,0.6299715042114258,0.5725440382957458,0.3798326253890991,0.5763959288597107,0.46316060423851013,0.4173475503921509,0.46185314655303955,0.4036072790622711,0.35050085186958313,0.6628751158714294,0.40772488713264465,0.5758708119392395,0.4441755414009094,0.3567788302898407,0.35898634791374207,0.5205770134925842,0.5237859487533569,0.3794923722743988,0.3983882963657379,0.45882487297058105,0.4802025854587555,0.4392910897731781,0.4158206880092621,0.5269372463226318,0.33438995480537415,0.3677443861961365,0.609515905380249,0.5995888113975525,0.48429664969444275,0.1955762654542923,0.3045254647731781,0.3828490972518921,0.31962478160858154,0.4035152494907379,0.42901551723480225,0.39856383204460144,0.4477766752243042,0.5423790216445923,0.4699225127696991,0.5055635571479797,0.23685625195503235,0.5931453108787537,0.1706945300102234,0.4765022099018097,0.027370307594537735,0.16474679112434387,0.41055533289909363
Al-Anfal,0.2870336174964905,0.6567277908325195,0.812598466873169,0.7429017424583435,0.796506941318512,0.05114012211561203,-0.01635228656232357,0.0,0.8731085658073425,0.13031919300556183,0.09884152561426163,0.0022453179117292166,0.41047781705856323,0.4877336621284485,0.004927325062453747,0.40790829062461853,0.1623660773038864,-0.09432028979063034,-0.054671600461006165,-0.1507595032453537,0.023734090849757195,0.5649862289428711,0.06946790218353271,0.8430024981498718,0.19093289971351624,0.043741852045059204,-0.06412671506404877,0.021198706701397896,0.4461202621459961,0.39641568064689636,0.47324904799461365,0.3425694704055786,0.8618370294570923,0.4230090379714966,0.4879447817802429,0.16353067755699158,0.11560187488794327,0.03953211382031441,0.27969327569007874,0.3246654272079468,0.42060840129852295,0.5188038349151611,0.32440677285194397,0.2693631052970886,0.470757395029068,0.3842850625514984,0.7254399657249451,0.904624879360199,0.7211773991584778,0.09394286572933197,0.3122740387916565,0.4589637219905853,0.288380891084671,0.24238483607769012,0.34926509857177734,0.1928033083677292,0.7033963799476624,0.8200004696846008,0.8458249568939209,0.7637520432472229,0.6105371713638306,0.6358402371406555,0.6293590068817139,0.6921355724334717,0.6751219034194946,0.5594215393066406,0.3978405296802521,0.3244785666465759,0.29935792088508606,0.5150392651557922,0.3570135533809662,0.47253119945526123,0.44008463621139526,0.3315328359603882,0.25189387798309326,0.2853328585624695,0.10773839056491852,0.22340695559978485,0.15733368694782257,0.3845587968826294,0.3245777189731598,0.3578001856803894,0.3596705198287964,0.38808026909828186,0.6285874843597412,0.4015863537788391,0.2636271119117737,0.4522583782672882,0.22892168164253235,0.25455811619758606,0.40446993708610535,0.2893299162387848,0.32015156745910645,0.36519426107406616,0.32795020937919617,0.2885573208332062,0.1085037812590599,0.6229611039161682,0.3162142038345337,0.43172186613082886,0.3890405297279358,0.49816206097602844,0.35779714584350586,0.46735092997550964,0.41122305393218994,0.5078957080841064,0.4661307632923126,0.35385608673095703,0.2784136235713959,0.47032690048217773,0.5080888271331787,0.41393136978149414,0.21343663334846497,0.5760188698768616
At-Tawbah,0.2340516895055771,0.6040326952934265,0.7540187835693359,0.7531585693359375,0.7469897270202637,0.01872699335217476,-0.1281585991382599,0.8731085658073425,0.0,0.07324130833148956,-0.048007313162088394,-0.10035890340805054,0.3318418264389038,0.3848857581615448,-0.1880664974451065,0.35961735248565674,0.07933155447244644,-0.12245795130729675,-0.22157993912696838,-0.22768929600715637,-0.05545201525092125,0.4747989773750305,-0.06943559646606445,0.738423764705658,0.15527459979057312,-0.1652601957321167,-0.16921165585517883,0.009295034222304821,0.402408242225647,0.35415512323379517,0.30729708075523376,0.1890249401330948,0.7807655930519104,0.27859947085380554,0.4758106470108032,0.018348926678299904,-0.04002801701426506,-0.10016816109418869,0.22222736477851868,0.2991660535335541,0.32185718417167664,0.4237014055252075,0.15761633217334747,0.042601216584444046,0.4089124798774719,0.301995187997818,0.763755202293396,0.8428668975830078,0.6152552366256714,-0.04489407688379288,0.10837707668542862,0.3432239294052124,0.24656815826892853,0.1010194942355156,0.14948458969593048,0.01607619598507881,0.6390301585197449,0.7562144994735718,0.7623612284660339,0.6893678307533264,0.5592958331108093,0.5261588096618652,0.609832227230072,0.5660446882247925,0.610044002532959,0.42689594626426697,0.21654626727104187,0.18526163697242737,0.14724230766296387,0.3776724636554718,0.21625728905200958,0.427495539188385,0.29726892709732056,0.22899702191352844,0.12917689979076385,0.1588371843099594,0.029971890151500702,0.038888681679964066,0.024181006476283073,0.23823338747024536,0.10872632265090942,0.2002502977848053,0.16680829226970673,0.24763740599155426,0.46614915132522583,0.207331120967865,0.13692106306552887,0.29230397939682007,0.051726311445236206,0.17408090829849243,0.343647301197052,0.22636426985263824,0.26657867431640625,0.25099679827690125,0.2255484163761139,0.14171721041202545,-0.11461783200502396,0.513050377368927,0.2765948474407196,0.26253461837768555,0.2514937222003937,0.3474535644054413,0.31185200810432434,0.3318210542201996,0.3138539791107178,0.3303157091140747,0.41332706809043884,0.2175726443529129,0.1726638823747635,0.38007718324661255,0.3758644461631775,0.3671814203262329,0.0878378227353096,0.44738391041755676
Yunus,0.712507963180542,0.06434182822704315,0.232126384973526,0.02137797512114048,0.12497959285974503,0.6704106330871582,0.6669270992279053,0.13031919300556183,0.07324130833148956,0.0,0.619360625743866,0.26317715644836426,0.47888538241386414,0.6146629452705383,0.517198920249939,0.5040132403373718,0.44777145981788635,0.4386139214038849,0.3214784562587738,0.48328471183776855,0.6328226923942566,0.3640548288822174,0.7113942503929138,0.06949440389871597,0.6329376101493835,0.5212165117263794,0.6314478516578674,0.5341975688934326,0.7683107852935791,0.5563234686851501,0.4945339262485504,0.7146226167678833,-0.07051221281290054,0.7290258407592773,0.43850177526474,0.6877015233039856,0.4110540747642517,0.48424115777015686,0.6376342177391052,0.7031916975975037,0.7623450756072998,0.4771680533885956,0.6767681241035461,0.47199252247810364,0.76035076379776,0.813677966594696,0.37960654497146606,0.1365780234336853,0.233413964509964,0.5902280211448669,0.38712915778160095,0.5538510680198669,0.5015559196472168,0.5540661215782166,0.24116066098213196,0.4197975993156433,0.2511734366416931,0.2286139726638794,0.3743150532245636,0.33054301142692566,0.49975642561912537,0.5377259850502014,0.5875838398933411,0.44682255387306213,0.24686655402183533,0.21164879202842712,0.5959693789482117,0.5784942507743835,0.560649037361145,0.3904503583908081,0.48762503266334534,0.5818520784378052,0.47510966658592224,0.6267358064651489,0.5315174460411072,0.2787579298019409,0.6464189887046814,0.44177618622779846,0.6607288718223572,0.4715574085712433,0.44337642192840576,0.5905104875564575,0.609656810760498,0.6202113032341003,0.5302250385284424,0.5157626867294312,0.5989722013473511,0.5182805061340332,0.44028156995773315,0.4053170680999756,0.4613484740257263,0.4739857316017151,0.5100576877593994,0.670353889465332,0.7034705281257629,0.6036529541015625,0.30604350566864014,0.3930225670337677,0.3847319185733795,0.4423016309738159,0.516119122505188,0.6081059575080872,0.4185510575771332,0.5307917594909668,0.5149935483932495,0.46868568658828735,0.6213575005531311,0.35791847109794617,0.6918880939483643,0.362581729888916,0.433989942073822,0.3552400469779968,0.18128488957881927,0.45965656638145447
Hud,0.676410436630249,-0.0707358568906784,0.14054445922374725,-0.10062330961227417,0.0924273356795311,0.2541753053665161,0.6949644684791565,0.09884152561426163,-0.048007313162088394,0.619360625743866,0.0,0.5934069752693176,0.21199986338615417,0.49732282757759094,0.6113513112068176,0.18276140093803406,0.3870652914047241,0.5071203708648682,0.6351154446601868,0.6760744452476501,0.5983055830001831,0.14768271148204803,0.5860234498977661,-0.009383914060890675,0.4302157759666443,0.7021390199661255,0.7042520046234131,0.7632734775543213,0.597392201423645,0.24401231110095978,0.35522058606147766,0.545616626739502,0.10480404645204544,0.5358858108520508,0.21368807554244995,0.5094640851020813,0.6496883630752563,0.6542917490005493,0.4369364082813263,0.5494592189788818,0.4948500692844391,0.3427673280239105,0.499851793050766,0.548536479473114,0.5390115976333618,0.7266759276390076,0.1396895796060562,0.14393825829029083,0.2093529999256134,0.5594502091407776,0.6475215554237366,0.4149262011051178,0.41122427582740784,0.6731770634651184,0.30317768454551697,0.3524133265018463,0.17715340852737427,0.2140410840511322,0.31595659255981445,0.2891704738140106,0.5169970989227295,0.35647961497306824,0.37216535210609436,0.46290576457977295,0.28347837924957275,0.5358514189720154,0.3554263114929199,0.5941975712776184,0.6059507727622986,0.44221383333206177,0.6911993026733398,0.5020291209220886,0.5267339944839478,0.5802822113037109,0.5833743214607239,0.3982142210006714,0.5951945185661316,0.4140731990337372,0.6639758348464966,0.5229842066764832,0.4677577614784241,0.4860760271549225,0.5045066475868225,0.6106131672859192,0.5017668008804321,0.49749138951301575,0.5492838025093079,0.532833456993103,0.6445818543434143,0.30577608942985535,0.599204957485199,0.5400245189666748,0.5199111104011536,0.6345575451850891,0.646908700466156,0.6641916632652283,0.23286743462085724,0.3725200593471527,0.4755930006504059,0.4232170581817627,0.43704211711883545,0.5064394474029541,0.4482741951942444,0.4743582308292389,0.5322412252426147,0.5846682190895081,0.5449902415275574,0.41497474908828735,0.581235945224762,0.4498552978038788,0.5067052841186523,0.22220301628112793,0.23586735129356384,0.4846319556236267
Yusuf,0.3416401743888855,0.003139490494504571,-0.036008238792419434,-0.07297996431589127,0.06713251024484634,0.21094229817390442,0.5047904253005981,0.0022453179117292166,-0.10035890340805054,0.26317715644836426,0.5934069752693176,0.0,-0.0039985813200473785,0.29593148827552795,0.540575385093689,0.01555890217423439,0.35714778304100037,0.6656078696250916,0.6298227310180664,0.6042209267616272,0.5929749608039856,-0.04272264987230301,0.5261247754096985,0.011552290059626102,0.1497662514448166,0.5576784014701843,0.7451750040054321,0.6949383020401001,0.253628671169281,0.11094575375318527,0.3045210838317871,0.30731216073036194,0.15641330182552338,0.31949886679649353,0.13498760759830475,0.4800935685634613,0.7044771313667297,0.5517377257347107,0.1342036873102188,0.20597892999649048,0.1580740511417389,0.08547940105199814,0.38040006160736084,0.3550822138786316,0.19176678359508514,0.4972589910030365,-0.03351648896932602,0.08324132114648819,0.2745034396648407,0.455755352973938,0.6270291209220886,0.2500576376914978,0.4797362685203552,0.5594316124916077,0.3073607385158539,0.3781769573688507,-0.00425008125603199,0.13250453770160675,0.1814134120941162,0.08761461824178696,0.32742834091186523,0.252694696187973,0.25188350677490234,0.3349556624889374,0.22366255521774292,0.5433527827262878,0.24381187558174133,0.6057373285293579,0.5140595436096191,0.32654306292533875,0.5606744885444641,0.438864141702652,0.44566574692726135,0.4863065481185913,0.569307267665863,0.23537862300872803,0.34317344427108765,0.2767023742198944,0.5104882717132568,0.5150579810142517,0.5253219604492188,0.35927173495292664,0.22666871547698975,0.4781327545642853,0.2938706874847412,0.498331218957901,0.5252180695533752,0.4293132424354553,0.5456807613372803,0.4229488670825958,0.47309207916259766,0.2224685400724411,0.37008902430534363,0.4799845516681671,0.37934353947639465,0.619541585445404,0.24909907579421997,0.09788671880960464,0.41354992985725403,0.3836672008037567,0.23147575557231903,0.42042088508605957,0.4411272406578064,0.3415199816226959,0.552349865436554,0.416760116815567,0.2593209147453308,0.29657116532325745,0.46150651574134827,0.29288241267204285,0.4755602777004242,0.1684788167476654,0.1319388449192047,0.31759166717529297
Ar-Rad,0.5163413286209106,0.16410037875175476,0.3411358594894409,0.2970653176307678,0.2628409266471863,0.592512845993042,0.17581920325756073,0.41047781705856323,0.3318418264389038,0.47888538241386414,0.21199986338615417,-0.0039985813200473785,0.0,0.5765371918678284,0.3481748402118683,0.7413740754127502,0.5058161616325378,0.28493180871009827,0.316785603761673,0.2049209177494049,0.3622986376285553,0.7758001685142517,0.4261038303375244,0.4097914397716522,0.7650988101959229,0.0907878652215004,0.40015462040901184,0.18030886352062225,0.573085606098175,0.7474210858345032,0.7566745281219482,0.6566498279571533,0.2188350409269333,0.7240825891494751,0.7759198546409607,0.4667346179485321,0.18686112761497498,0.42764222621917725,0.7263332009315491,0.5870561599731445,0.7328162789344788,0.7022419571876526,0.5530753135681152,0.4484764337539673,0.6532309055328369,0.45858123898506165,0.574880063533783,0.5215640068054199,0.4609149992465973,0.6133750677108765,0.27222439646720886,0.6491706371307373,0.7869532704353333,0.41041043400764465,0.49356648325920105,0.4978448152542114,0.6369554400444031,0.4507063031196594,0.5872959494590759,0.30822131037712097,0.5222306847572327,0.6954507827758789,0.4613674581050873,0.6115668416023254,0.5489041805267334,0.3131408393383026,0.7152599692344666,0.38988831639289856,0.619446873664856,0.662676990032196,0.4521128237247467,0.5935289263725281,0.607795774936676,0.6812253594398499,0.5876067280769348,0.5636757016181946,0.4909052550792694,0.635333240032196,0.6039837002754211,0.6791985034942627,0.540522575378418,0.7206637263298035,0.5889859795570374,0.6962565779685974,0.7448672652244568,0.6928051114082336,0.6706900596618652,0.7002171277999878,0.5383230447769165,0.6815035343170166,0.6275877356529236,0.6117820739746094,0.559643566608429,0.5183264017105103,0.640562891960144,0.4982742667198181,0.5965122580528259,0.67754065990448,0.516244649887085,0.6699143052101135,0.7242437601089478,0.5796524882316589,0.5927819609642029,0.7264562845230103,0.6093668341636658,0.48599979281425476,0.6291376352310181,0.4950854480266571,0.29676446318626404,0.4825706481933594,0.6834611296653748,0.701883852481842,0.35969579219818115,0.7068122625350952
Ibrahim,0.6455950736999512,0.3235836327075958,0.4922924339771271,0.29013726115226746,0.3578014373779297,0.38812318444252014,0.45910876989364624,0.4877336621284485,0.3848857581615448,0.6146629452705383,0.49732282757759094,0.29593148827552795,0.5765371918678284,0.0,0.4198261499404907,0.5385352373123169,0.5008446574211121,0.35885030031204224,0.39163845777511597,0.4498530924320221,0.45982661843299866,0.6718559861183167,0.5689716339111328,0.5308548808097839,0.6025794744491577,0.3891645669937134,0.4854477643966675,0.4042835235595703,0.7190685868263245,0.7418261766433716,0.7497668266296387,0.6596158742904663,0.3162059187889099,0.6973093152046204,0.6748971939086914,0.5126426815986633,0.4175986349582672,0.5151456594467163,0.6436026096343994,0.6656750440597534,0.7082482576370239,0.651232123374939,0.5472926497459412,0.6557316184043884,0.7421276569366455,0.5996944308280945,0.5178924798965454,0.5455959439277649,0.46594467759132385,0.6130029559135437,0.5638411045074463,0.6240050196647644,0.597710371017456,0.5707705020904541,0.5973963141441345,0.4986107349395752,0.6147863864898682,0.5116726160049438,0.6349684000015259,0.5158106088638306,0.6740226149559021,0.7018779516220093,0.5856571197509766,0.7411187887191772,0.7043985724449158,0.5404435992240906,0.7367547750473022,0.5305780172348022,0.6137184500694275,0.7139586806297302,0.7383179068565369,0.6944226622581482,0.7229333519935608,0.7128959894180298,0.6709566116333008,0.6221058964729309,0.6223071217536926,0.5642022490501404,0.7024496793746948,0.7497480511665344,0.5801270008087158,0.6418143510818481,0.5544293522834778,0.7884821891784668,0.7691874504089355,0.6377317309379578,0.7192962169647217,0.7668555378913879,0.6779056191444397,0.46510234475135803,0.7566826939582825,0.7421801686286926,0.5747426748275757,0.6968396902084351,0.6689749360084534,0.6680801510810852,0.3643151521682739,0.5800254940986633,0.49581435322761536,0.663953959941864,0.6910479068756104,0.6778185963630676,0.6457297205924988,0.6711464524269104,0.7135934233665466,0.6894803643226624,0.7985749840736389,0.44730013608932495,0.41853585839271545,0.740446925163269,0.7015613913536072,0.370974600315094,0.3331465423107147,0.71312016248703
Al-Hijr,0.6297359466552734,-0.1486736387014389,-0.13996726274490356,-0.21025550365447998,-0.028870167210698128,0.37083056569099426,0.6112388968467712,0.004927325062453747,-0.1880664974451065,0.517198920249939,0.6113513112068176,0.540575385093689,0.3481748402118683,0.4198261499404907,0.0,0.2069544494152069,0.5973281860351562,0.6280651688575745,0.7150818109512329,0.7039939761161804,0.7464901208877563,0.2238231897354126,0.720818281173706,-0.05405205488204956,0.5887221097946167,0.8293322920799255,0.6935918927192688,0.5669165253639221,0.39748600125312805,0.3101269006729126,0.4191541075706482,0.6899603009223938,-0.05347391963005066,0.6606521606445312,0.25034329295158386,0.8305971622467041,0.7850900292396545,0.7626441121101379,0.36494937539100647,0.3616444170475006,0.528007447719574,0.2464657872915268,0.6557520627975464,0.785486102104187,0.39636754989624023,0.6142609119415283,0.014373309910297394,0.037259478121995926,0.21604637801647186,0.7642601132392883,0.7095118165016174,0.6317869424819946,0.4324037432670593,0.7741163969039917,0.4123471677303314,0.7380077242851257,0.12871302664279938,0.16960908472537994,0.2925848662853241,0.031307633966207504,0.21635080873966217,0.3958002030849457,0.3724011480808258,0.26913756132125854,0.1295224130153656,0.33035022020339966,0.551045298576355,0.7853255867958069,0.7933131456375122,0.5906749963760376,0.5915862917900085,0.44834402203559875,0.619843065738678,0.6744481325149536,0.649509847164154,0.6069655418395996,0.6922243237495422,0.6982561349868774,0.7612136602401733,0.5866620540618896,0.6678906083106995,0.6649784445762634,0.7198083400726318,0.6456983685493469,0.5902214646339417,0.70061856508255,0.6981239318847656,0.7001014351844788,0.6417899131774902,0.5772746801376343,0.5129578709602356,0.5265888571739197,0.5230957865715027,0.7267417907714844,0.7121568322181702,0.7041056752204895,0.5301500558853149,0.348787397146225,0.37822142243385315,0.5287581086158752,0.5990785956382751,0.5769344568252563,0.4345938265323639,0.606858491897583,0.6633664965629578,0.5234344601631165,0.5440258979797363,0.5986827611923218,0.38958582282066345,0.3011229336261749,0.5542818903923035,0.22819045186042786,0.1724529266357422,0.46952131390571594
