Books,Al-Fatiha,Al-Baqarah,Al Imran,An-Nisa,Al-Maidah,Al-Anam,Al-Araf,Al-Anfal,At-Tawbah,Yunus,Hud,Yusuf,Ar-Rad,Ibrahim,Al-Hijr,An-Nahl,Al-Isra,Al-Kahf,Maryam,Ta-Ha,Al-Anbiya,Al-Hajj,Al-Muminun,An-Nur,Al-Furqan,Ash-Shuara,An-Naml,Al-Qasas,Al-Ankabut,Ar-Rum,Luqmaan,As-Sajda,Al-Ahzaab,Saba (surah),Faatir,Yaseen,As-Saaffaat,Saad,Az-Zumar,Ghafir,Fussilat,Ash_Shooraa,Az-Zukhruf,Ad-Dukhaan,Al-Jaathiyah,Al-Ahqaaf,Muhammad,Al-Fath,Al-Hujuraat,Qaaf,Adh-Dhaariyaat,At-Toor,An-Najm,Al-Qamar,Ar-Rahman,Al-Waqia,Al-Hadeed,Al-Mujadila,Al-Hashr,Al-Mumtahanah,As-Saff,Al-Jumuah,Al-Munafiqoon,At-Taghabun,At-Talaq,At-Tahreem,Al-Mulk,Al-Qalam,Al-Haaqqa,Al-Maaarij,Nooh,Al-Jinn,Al-Muzzammil,Al-Muddaththir,Al-Qiyamah,Al-Insaan,Al-Mursalaat,An-Naba,An-Naaziaat,Abasa,At-Takweer,Al-Infitar,Al-Mutaffifeen,Al-Inshiqaaq,Al-Burooj,At-Taariq,Al-Alaa,Al-Ghaashiyah,Al-Fajr,Al-Balad,Ash-Shams,Al-Layl,Ad-Dhuha,Ash-Sharh,At-Teen,Al-Alaq,Al-Qadr,Al-Bayyinahh,Az-Zalzalah,Al-Aadiyaat,Al-Qaariah,At-Takaathur,Al-Asr,Al-Humazah,Al-Feel,Quraysh,Al-Maaoon,Al-Kawthar,Al-Kaafiroon,An-Nasr,Al-Masad,Al-Ikhlaas,Al-Falaq,Al-Naas
Book document vector lengths,1.5172077,14.667499,10.639745,16.76139,10.981992,10.347904,11.826838,10.364641,14.776482,9.457039,9.785319,14.940982,7.402148,5.894122,8.409757,7.681621,8.235366,10.554017,8.377316,11.578479,9.1032295,7.261269,7.8272295,11.764585,7.085696,10.610722,8.236347,9.865747,7.5401115,7.5903964,6.250831,5.91356,12.141072,6.5905046,6.9409237,6.935083,9.064513,8.0283985,8.845449,8.513092,6.175895,7.6634636,7.377884,6.0915565,6.9696364,6.4779124,7.636957,8.525089,7.051707,6.1317797,5.0442877,6.2878675,5.944477,7.9174004,11.507395,7.907407,7.5389266,7.2225056,6.4543366,7.1153965,5.8047857,4.374122,4.701653,6.101994,6.516608,5.302694,5.150712,5.2948213,5.510829,4.779518,3.9583013,4.7338834,4.5321755,4.6802444,4.480402,4.901218,6.150242,5.688618,4.806035,4.6571126,4.844114,3.1871636,4.8296404,3.6876764,4.069816,3.206912,2.6173384,3.3783731,3.9454126,2.9033208,2.9659717,2.766135,1.9889064,1.6553038,1.6387116,2.9222355,1.2519737,2.8073456,2.2262726,2.3628452,2.2565732,2.2188714,1.1876415,1.989155,1.8573331,1.4297518,1.606098,1.5924513,1.5334603,1.0567073,1.8594704,1.2352465,1.5933478,1.3867713
Book sum of word vector lengths,738.4550883769989,112166.28734439611,67829.65170514584,66506.30064028502,51758.05330359936,59508.41405078769,62493.38330477476,23018.676631748676,47047.24644175172,36516.86923241615,36390.36091732979,31489.224159657955,15847.517828464508,16381.863046497107,13680.903210252523,33527.80701819062,29616.989289700985,29457.76063349843,19284.11422637105,27258.490297734737,22595.68572244048,22864.488252937794,19813.308194816113,23921.304920345545,17929.185035914183,25644.66715568304,21814.518340080976,26745.604519575834,18684.469265073538,14687.08396422863,9734.042587548494,6909.852784365416,24320.378455489874,16231.943761527538,14254.161271423101,14598.580889821053,17807.72307294607,14194.739444375038,23387.23888862133,23266.74717450142,15600.280858755112,16478.197958886623,17446.31088644266,6900.66577449441,9940.567893087864,12566.238074809313,10634.051153302193,11159.852381259203,7095.839463800192,6973.834257394075,7087.57320395112,6043.819391220808,7249.0122564435005,6965.40654450655,8066.960222661495,7430.859156042337,11438.273380935192,8757.458535909653,8811.44762441516,6605.237067699432,4159.578958541155,3047.9490025639534,3546.3458453416824,5188.063754916191,5214.539418756962,4655.7367397248745,6386.118764698505,6095.606512337923,5165.6707054674625,4044.07672894001,4023.83568918705,5813.598372012377,3726.1905283927917,4804.615305125713,3639.423414736986,4088.956733137369,3933.918626666069,3541.6249637305737,3700.4695441126823,2758.91823592782,2386.2793095111847,1667.4296499490738,3040.0571033358574,2240.299256145954,2253.3146439790726,1204.777083903551,1458.4546047449112,1674.860069423914,2608.1159653663635,1583.4814006388187,1668.924067467451,1570.7151431441307,978.6243897676468,388.1982247829437,674.9856515824795,1464.4699004292488,511.5031923055649,1730.6750277280807,862.3745856285095,798.2434677481651,665.1996958255768,546.0711824297905,440.0033532977104,569.5438192784786,489.29091024398804,336.6207589507103,463.4100978374481,461.4237307906151,538.8045513629913,347.9199390411377,431.49690103530884,409.0077032446861,526.4996054768562,585.1248343586922

Similarity matrix,Al-Fatiha,Al-Baqarah,Al Imran,An-Nisa,Al-Maidah,Al-Anam,Al-Araf,Al-Anfal,At-Tawbah,Yunus,Hud,Yusuf,Ar-Rad,Ibrahim,Al-Hijr,An-Nahl,Al-Isra,Al-Kahf,Maryam,Ta-Ha,Al-Anbiya,Al-Hajj,Al-Muminun,An-Nur,Al-Furqan,Ash-Shuara,An-Naml,Al-Qasas,Al-Ankabut,Ar-Rum,Luqmaan,As-Sajda,Al-Ahzaab,Saba (surah),Faatir,Yaseen,As-Saaffaat,Saad,Az-Zumar,Ghafir,Fussilat,Ash_Shooraa,Az-Zukhruf,Ad-Dukhaan,Al-Jaathiyah,Al-Ahqaaf,Muhammad,Al-Fath,Al-Hujuraat,Qaaf,Adh-Dhaariyaat,At-Toor,An-Najm,Al-Qamar,Ar-Rahman,Al-Waqia,Al-Hadeed,Al-Mujadila,Al-Hashr,Al-Mumtahanah,As-Saff,Al-Jumuah,Al-Munafiqoon,At-Taghabun,At-Talaq,At-Tahreem,Al-Mulk,Al-Qalam,Al-Haaqqa,Al-Maaarij,Nooh,Al-Jinn,Al-Muzzammil,Al-Muddaththir,Al-Qiyamah,Al-Insaan,Al-Mursalaat,An-Naba,An-Naaziaat,Abasa,At-Takweer,Al-Infitar,Al-Mutaffifeen,Al-Inshiqaaq,Al-Burooj,At-Taariq,Al-Alaa,Al-Ghaashiyah,Al-Fajr,Al-Balad,Ash-Shams,Al-Layl,Ad-Dhuha,Ash-Sharh,At-Teen,Al-Alaq,Al-Qadr,Al-Bayyinahh,Az-Zalzalah,Al-Aadiyaat,Al-Qaariah,At-Takaathur,Al-Asr,Al-Humazah,Al-Feel,Quraysh,Al-Maaoon,Al-Kawthar,Al-Kaafiroon,An-Nasr,Al-Masad,Al-Ikhlaas,Al-Falaq,Al-Naas
Al-Fatiha,0.0,0.25786054134368896,0.4357266426086426,0.28387996554374695,0.4011211693286896,0.5699789524078369,0.5514702200889587,0.4265558421611786,0.2917290925979614,0.709658145904541,0.5666382312774658,0.2112821638584137,0.6616913080215454,0.7381488680839539,0.5872384309768677,0.6054124236106873,0.5819851160049438,0.4692961871623993,0.5552729368209839,0.46282073855400085,0.5990074276924133,0.638717532157898,0.7434794902801514,0.36397042870521545,0.6887319087982178,0.5547744631767273,0.4800891876220703,0.5717568397521973,0.7467021346092224,0.7464739680290222,0.6961843967437744,0.8183197379112244,0.34606656432151794,0.7187628746032715,0.690815806388855,0.6005637645721436,0.5107336640357971,0.5727909207344055,0.6867061257362366,0.7039051055908203,0.7875427007675171,0.6949585676193237,0.6666511297225952,0.6904080510139465,0.7191944718360901,0.7157949805259705,0.5192083120346069,0.4807109534740448,0.6584146022796631,0.6517154574394226,0.6258624792098999,0.685956597328186,0.567859411239624,0.5097129940986633,0.6252450346946716,0.6053456664085388,0.45969513058662415,0.585258960723877,0.7295873165130615,0.6010160446166992,0.7095785737037659,0.7677876353263855,0.672514796257019,0.7400608062744141,0.5864907503128052,0.589826762676239,0.7316176295280457,0.6802319884300232,0.6401034593582153,0.7922126054763794,0.7241598963737488,0.790818989276886,0.6538986563682556,0.7059469819068909,0.63905268907547,0.5414221286773682,0.6577155590057373,0.7157970666885376,0.7622593641281128,0.6332307457923889,0.665682315826416,0.6906498074531555,0.7727661728858948,0.6562869548797607,0.7409927248954773,0.7509720325469971,0.7416301369667053,0.7095385193824768,0.7714409828186035,0.749692976474762,0.6666761040687561,0.6905324459075928,0.695764422416687,0.7712135910987854,0.80842524766922,0.6900482177734375,0.6064356565475464,0.7385583519935608,0.6637831330299377,0.7557522654533386,0.6921067833900452,0.8195029497146606,0.8127828240394592,0.7497352361679077,0.7794383764266968,0.6651114225387573,0.801460325717926,0.7698457837104797,0.7911163568496704,0.6496817469596863,0.7605571150779724,0.7026588320732117,0.6995471715927124,0.6665177345275879
Al-Baqarah,0.25786054134368896,0.0,0.7236915230751038,0.605574369430542,0.6211037039756775,0.05259107053279877,-0.145407572388649,0.5848453044891357,0.5506599545478821,0.080439992249012,-0.17245139181613922,0.09447382390499115,0.17583024501800537,0.1963636577129364,-0.13523581624031067,0.1563660055398941,-0.09960237890481949,-0.03969290852546692,0.003166997106745839,-0.05332528427243233,-0.06571245938539505,0.4388953447341919,-0.04228534922003746,0.670356035232544,0.006302943453192711,-0.07348594814538956,-0.003950204234570265,0.17318587005138397,0.041820213198661804,0.3102812170982361,0.36269599199295044,0.13300040364265442,0.595802366733551,0.030863750725984573,0.30519813299179077,0.09287697821855545,-0.16988034546375275,-0.0929725244641304,0.10619428008794785,0.10192395001649857,0.1561989188194275,0.29087167978286743,-0.013024874962866306,0.11494160443544388,0.2632863521575928,0.16912832856178284,0.4958115518093109,0.5773861408233643,0.5884100794792175,0.0877423956990242,0.11607387661933899,0.17287656664848328,0.21084967255592346,-0.10093845427036285,0.15108448266983032,0.21394090354442596,0.5528663396835327,0.5993261337280273,0.4573174715042114,0.5646580457687378,0.5268107056617737,0.46697762608528137,0.4564806818962097,0.4657072126865387,0.5989882946014404,0.4860324561595917,0.054635949432849884,0.19380278885364532,0.05968739092350006,0.2942405641078949,0.2606193721294403,0.16884391009807587,0.4171001613140106,0.2548970878124237,0.21251945197582245,0.20286273956298828,0.255849689245224,0.23608055710792542,0.2611563801765442,0.42784881591796875,0.26099568605422974,0.29986312985420227,0.25330623984336853,0.25217485427856445,0.3503713011741638,0.30526983737945557,0.2523723542690277,0.2137182652950287,0.1770768016576767,0.33649173378944397,0.2913420796394348,0.2352840006351471,0.3545421063899994,0.392328679561615,0.22660602629184723,0.16189295053482056,0.3300021290779114,0.4147913157939911,0.1942901611328125,0.3431676924228668,0.36255884170532227,0.31009265780448914,0.2822018563747406,0.31480348110198975,0.21816903352737427,0.3457353115081787,0.4665980041027069,0.396735817193985,0.4473958909511566,0.2665061950683594,0.3464510440826416,0.3709583580493927,0.22375498712062836,0.30469435453414917
Al Imran,0.4357266426086426,0.7236915230751038,0.0,0.6176481246948242,0.7076769471168518,0.17290350794792175,-0.02861778996884823,0.7094315886497498,0.6387501955032349,0.3598240911960602,0.018952250480651855,-0.005395554006099701,0.2982998192310333,0.31260621547698975,-0.07547802478075027,0.18341657519340515,-0.1425030529499054,-0.03989614173769951,0.030792977660894394,-0.021037355065345764,0.010781528428196907,0.5670843124389648,0.12395340949296951,0.5322707891464233,-0.03228737413883209,0.06327597796916962,0.04509207233786583,0.24441160261631012,0.30477362871170044,0.4585916996002197,0.3882193863391876,0.30639585852622986,0.6290726661682129,0.22808851301670074,0.34448012709617615,0.05278046801686287,-0.03275076672434807,-0.00847560167312622,0.2959890365600586,0.46550387144088745,0.2991694211959839,0.39198464155197144,0.17490452527999878,0.20920880138874054,0.5186314582824707,0.4410385489463806,0.6163904666900635,0.6485950350761414,0.6486958861351013,0.14261206984519958,0.15992902219295502,0.23643173277378082,0.25842660665512085,0.016658050939440727,0.10097488015890121,0.13280196487903595,0.6345586180686951,0.6904154419898987,0.6178935170173645,0.7038156390190125,0.6986738443374634,0.5526052117347717,0.5910442471504211,0.5922151803970337,0.5566104650497437,0.5530833601951599,0.11688858270645142,0.28246986865997314,0.17376874387264252,0.390471488237381,0.3379000127315521,0.38136911392211914,0.3625631630420685,0.32572823762893677,0.26102522015571594,0.12617731094360352,0.2269771844148636,0.25291866064071655,0.3192817270755768,0.3525961935520172,0.29963526129722595,0.2904338538646698,0.3922012150287628,0.3890499472618103,0.5106974244117737,0.3171692490577698,0.26527124643325806,0.313221275806427,0.27955925464630127,0.37771567702293396,0.30276376008987427,0.3605590760707855,0.4467766582965851,0.4294036626815796,0.3737139105796814,0.2698729932308197,0.2507372498512268,0.6344888806343079,0.2252027988433838,0.3998596668243408,0.39439138770103455,0.4606304168701172,0.4080048203468323,0.37492409348487854,0.3090313971042633,0.43527883291244507,0.5308032035827637,0.4410625994205475,0.5472409129142761,0.44731858372688293,0.4427225589752197,0.46983417868614197,0.25159627199172974,0.35632067918777466
An-Nisa,0.28387996554374695,0.605574369430542,0.6176481246948242,0.0,0.7992129325866699,-0.026555407792329788,-0.26014289259910583,0.7785853743553162,0.7921085357666016,-0.030196571722626686,-0.22315382957458496,-0.09186672419309616,0.2272074967622757,0.02903406135737896,-0.20729407668113708,0.2967722415924072,-0.032686252146959305,-0.13674616813659668,-0.0826287493109703,-0.23964381217956543,-0.1680670976638794,0.6230536699295044,-0.0750434622168541,0.7151771783828735,0.018690234050154686,-0.22313691675662994,-0.2058737426996231,-0.05139755830168724,0.03746169060468674,0.2548518478870392,0.330894410610199,0.10082042217254639,0.7478651404380798,0.08271350711584091,0.3727266788482666,-0.02846723236143589,-0.10536090284585953,-0.1853455752134323,0.14176759123802185,0.08627811819314957,0.11016279458999634,0.43256625533103943,0.00502171041443944,0.05960775911808014,0.21956345438957214,0.1624726802110672,0.673111081123352,0.7602240443229675,0.7369253039360046,-0.027868302538990974,0.11543633043766022,0.1344585120677948,0.16466215252876282,-0.11935795843601227,0.07669419795274734,0.09140802919864655,0.6058825254440308,0.7923020720481873,0.561798095703125,0.7889187932014465,0.5608915090560913,0.49956244230270386,0.643611490726471,0.5410356521606445,0.7293732166290283,0.43954214453697205,0.14905069768428802,0.19738467037677765,-0.029693424701690674,0.39404594898223877,0.3684450089931488,0.39720413088798523,0.41484424471855164,0.23339518904685974,0.17015601694583893,0.21933595836162567,0.16150565445423126,0.19064582884311676,0.15550662577152252,0.34690114855766296,0.19019825756549835,0.23776592314243317,0.18621918559074402,0.262563019990921,0.42129287123680115,0.3266281485557556,0.2606351971626282,0.21221905946731567,0.15353704988956451,0.3378297686576843,0.2952224910259247,0.310639351606369,0.4713907539844513,0.4459822177886963,0.27791526913642883,0.25837138295173645,0.14576967060565948,0.4186980128288269,0.15289853513240814,0.3160923421382904,0.2757922112941742,0.4146965742111206,0.3479210436344147,0.290596067905426,0.2987518906593323,0.30799928307533264,0.5398974418640137,0.3579517900943756,0.44001853466033936,0.34808477759361267,0.3614332675933838,0.45673179626464844,0.23367232084274292,0.3591237962245941
Al-Maidah,0.4011211693286896,0.6211037039756775,0.7076769471168518,0.7992129325866699,0.0,-0.02026895247399807,-0.0295780710875988,0.6795636415481567,0.6575820446014404,0.07420358806848526,-0.050036169588565826,-0.04109814763069153,0.21493062376976013,0.24048492312431335,-0.07512614130973816,0.3162587881088257,-0.04875553026795387,-0.04272093251347542,0.07936058193445206,0.004100447054952383,-0.10257623344659805,0.5994903445243835,0.02710651606321335,0.6213502883911133,0.027597764506936073,0.047855909913778305,-0.07528682798147202,0.11914227902889252,0.11069397628307343,0.3325156569480896,0.3690340220928192,0.30500829219818115,0.660347044467926,0.1400972306728363,0.34900498390197754,0.055491141974925995,-0.07421796768903732,-0.0006994190625846386,0.1018526628613472,0.22322078049182892,0.1889173686504364,0.40778207778930664,0.17754961550235748,0.2110787332057953,0.4164300560951233,0.3719051480293274,0.6924847960472107,0.7485646605491638,0.7316963076591492,0.07039246708154678,0.2830134630203247,0.2131057232618332,0.25309228897094727,0.063987135887146,0.21463589370250702,0.13663707673549652,0.6552858948707581,0.7661573886871338,0.6236932873725891,0.80660480260849,0.6742578744888306,0.5619149804115295,0.6603754162788391,0.5868099331855774,0.6973653435707092,0.5523677468299866,0.08687349408864975,0.27698463201522827,0.23240195214748383,0.38948947191238403,0.46951133012771606,0.4150465130805969,0.4159882664680481,0.3295513093471527,0.2249080389738083,0.3000364601612091,0.30734941363334656,0.2690083384513855,0.2678418755531311,0.3853614330291748,0.3024594485759735,0.3620692193508148,0.3255062997341156,0.40443944931030273,0.5388741493225098,0.4216133654117584,0.27664005756378174,0.28861698508262634,0.2864481210708618,0.4441951811313629,0.37748223543167114,0.3125147223472595,0.5350723266601562,0.5344260334968567,0.3908078372478485,0.2769477665424347,0.2405838817358017,0.5337280631065369,0.25624752044677734,0.3771653175354004,0.3955937922000885,0.49679628014564514,0.4372151792049408,0.3793451189994812,0.41102293133735657,0.40410858392715454,0.5371127724647522,0.4678346812725067,0.5475857853889465,0.39130958914756775,0.454279363155365,0.41319137811660767,0.31725579500198364,0.3460012972354889
Al-Anam,0.5699789524078369,0.05259107053279877,0.17290350794792175,-0.026555407792329788,-0.02026895247399807,0.0,0.4325960874557495,0.1482120156288147,0.005716188345104456,0.7421571612358093,0.40368032455444336,0.20907294750213623,0.5446609258651733,0.45551028847694397,0.4203152060508728,0.6404151320457458,0.4447806179523468,0.43218663334846497,0.21815448999404907,0.31597691774368286,0.41764208674430847,0.37215346097946167,0.6233839392662048,0.11826191842556,0.40309980511665344,0.2795460820198059,0.380226731300354,0.3940649926662445,0.5820699334144592,0.5097781419754028,0.4582013487815857,0.5756199955940247,0.024909308180212975,0.6255130767822266,0.4358837902545929,0.6084855794906616,0.3669837713241577,0.3562280237674713,0.6530161499977112,0.4686020314693451,0.6235594153404236,0.5444580912590027,0.5857625007629395,0.46165841817855835,0.5160643458366394,0.4804399311542511,0.4138185679912567,0.15325915813446045,0.3080543875694275,0.40440791845321655,0.3936113119125366,0.542706310749054,0.4928569197654724,0.27983659505844116,0.4125531017780304,0.5252025127410889,0.14018741250038147,0.19423869252204895,0.4245501458644867,0.23575806617736816,0.31619545817375183,0.40433669090270996,0.3610035479068756,0.39931148290634155,0.20751741528511047,0.1403357982635498,0.589509129524231,0.5326704978942871,0.39193376898765564,0.47170451283454895,0.31388989090919495,0.5901850461959839,0.25840792059898376,0.386996865272522,0.4649544358253479,0.2435278743505478,0.3678031265735626,0.4235786497592926,0.4401445686817169,0.34190604090690613,0.3177490234375,0.4590545892715454,0.5025858879089355,0.3532812297344208,0.30350929498672485,0.4338558316230774,0.382136732339859,0.4315301477909088,0.40221187472343445,0.48346084356307983,0.26668307185173035,0.3362542390823364,0.37722843885421753,0.4310882091522217,0.4766134023666382,0.4552864730358124,0.35231316089630127,0.33852246403694153,0.44278398156166077,0.4568585753440857,0.4585212767124176,0.48674458265304565,0.5014568567276001,0.4632164239883423,0.45501789450645447,0.2677573263645172,0.4123896062374115,0.4078880250453949,0.4768087863922119,0.2708130478858948,0.3706812262535095,0.461627334356308,0.3279218077659607,0.3685881793498993
Al-Araf,0.5514702200889587,-0.145407572388649,-0.02861778996884823,-0.26014289259910583,-0.0295780710875988,0.4325960874557495,0.0,-0.054679594933986664,-0.18835605680942535,0.5729197859764099,0.7121367454528809,0.3625936210155487,0.19876855611801147,0.5732496976852417,0.5704529881477356,0.26244857907295227,0.4138050675392151,0.5895663499832153,0.48619920015335083,0.7468035817146301,0.6272740960121155,0.14725220203399658,0.7106884717941284,-0.23539888858795166,0.5399128198623657,0.7978531122207642,0.6262021064758301,0.7832221388816833,0.6272733211517334,0.48389700055122375,0.2634645700454712,0.6401821374893188,-0.2527388632297516,0.47290030121803284,0.2604016363620758,0.49264875054359436,0.4742291271686554,0.5607702136039734,0.29466670751571655,0.5307084321975708,0.5682005286216736,0.1888323575258255,0.6259680986404419,0.5180498957633972,0.4519411027431488,0.5473425984382629,0.2072739601135254,0.005511889699846506,0.1339433640241623,0.5019890666007996,0.5887012481689453,0.3931844234466553,0.40333905816078186,0.5925279259681702,0.374971479177475,0.33722367882728577,0.07070036977529526,0.04356784000992775,0.3672691881656647,0.13851551711559296,0.37593862414360046,0.26244643330574036,0.27331823110580444,0.317534476518631,0.0669357180595398,0.17295366525650024,0.4933668375015259,0.5015895962715149,0.5980296730995178,0.25705963373184204,0.5377283692359924,0.48380255699157715,0.24610640108585358,0.3613680601119995,0.37676844000816345,0.3210480809211731,0.38817664980888367,0.36050140857696533,0.513416588306427,0.31729549169540405,0.30996590852737427,0.2907657325267792,0.39659324288368225,0.4324624240398407,0.3594991862773895,0.36058834195137024,0.4066592752933502,0.3774859607219696,0.5160980224609375,0.44402188062667847,0.45367148518562317,0.36360669136047363,0.3847440481185913,0.42212897539138794,0.42921578884124756,0.38512343168258667,0.20488739013671875,0.36299172043800354,0.42629316449165344,0.33274781703948975,0.3057359755039215,0.4602257311344147,0.4309302568435669,0.38373804092407227,0.5903409123420715,0.35042673349380493,0.35708802938461304,0.40669700503349304,0.35430267453193665,0.1890418380498886,0.48765072226524353,0.22428369522094727,0.4590725898742676,0.26137471199035645
Al-Anfal,0.4265558421611786,0.5848453044891357,0.7094315886497498,0.7785853743553162,0.6795636415481567,0.1482120156288147,-0.054679594933986664,0.0,0.8709982633590698,0.2252700924873352,-0.020477037876844406,-0.024106033146381378,0.3050331473350525,0.28299593925476074,-0.10169157385826111,0.3110329508781433,-0.06109682098031044,-0.12026207149028778,-0.14890731871128082,-0.1834278106689453,0.044902969151735306,0.7223403453826904,0.18584966659545898,0.7332596778869629,0.10555556416511536,0.005303140729665756,-0.039325863122940063,0.09065943956375122,0.29429861903190613,0.49828022718429565,0.4116089344024658,0.2972157299518585,0.7340981960296631,0.2613128125667572,0.43309614062309265,0.10697311908006668,0.02056983672082424,-0.016183607280254364,0.2594973146915436,0.3489219546318054,0.33237093687057495,0.4618469774723053,0.15180709958076477,0.2613391876220703,0.4623970091342926,0.3833208680152893,0.744280993938446,0.8282337188720703,0.7598177790641785,0.14342913031578064,0.27065566182136536,0.22477808594703674,0.19940310716629028,0.06565876305103302,0.10053261369466782,0.16470001637935638,0.7813915014266968,0.8291561603546143,0.7431485652923584,0.8111445903778076,0.6783477067947388,0.6552940607070923,0.7640326023101807,0.6665524244308472,0.629413366317749,0.4629303514957428,0.3212628960609436,0.32003122568130493,0.16315044462680817,0.460457980632782,0.47496455907821655,0.4003998339176178,0.4292745292186737,0.3476234972476959,0.2855686545372009,0.16861659288406372,0.30656570196151733,0.2843164801597595,0.3524312674999237,0.421425998210907,0.31349918246269226,0.3951275050640106,0.4019911587238312,0.38493475317955017,0.6123100519180298,0.4059372842311859,0.3487660884857178,0.3619195222854614,0.28105801343917847,0.31395238637924194,0.3992474377155304,0.38618072867393494,0.4671362340450287,0.491350919008255,0.4357357621192932,0.3357895612716675,0.23117007315158844,0.5887848138809204,0.2648385763168335,0.4962778091430664,0.4340727627277374,0.5678797960281372,0.4053438901901245,0.3984392285346985,0.4062838852405548,0.388114869594574,0.6074807643890381,0.43316686153411865,0.5206397175788879,0.4462098777294159,0.4625844359397888,0.47036421298980713,0.26007309556007385,0.39468953013420105
At-Tawbah,0.2917290925979614,0.5506599545478821,0.6387501955032349,0.7921085357666016,0.6575820446014404,0.005716188345104456,-0.18835605680942535,0.8709982633590698,0.0,0.08676833659410477,-0.13561521470546722,-0.10975661128759384,0.2792520821094513,0.09884904325008392,-0.2041153907775879,0.23457303643226624,-0.12162492424249649,-0.15939228236675262,-0.22075821459293365,-0.2862679362297058,-0.07130909711122513,0.5947751402854919,0.0010284726740792394,0.7223638892173767,0.03200667351484299,-0.16124868392944336,-0.14030104875564575,-0.019469372928142548,0.16110031306743622,0.411105215549469,0.2893759310245514,0.18224966526031494,0.7680405378341675,0.13654519617557526,0.35684365034103394,0.0023992140777409077,-0.03392129763960838,-0.13444367051124573,0.2321564257144928,0.2219424545764923,0.19125495851039886,0.3762342929840088,-0.0029146894812583923,0.16624972224235535,0.3648962378501892,0.24272391200065613,0.7131018042564392,0.8193076848983765,0.6816602945327759,0.04237158223986626,0.1354551762342453,0.18972356617450714,0.08523541688919067,-0.031353432685136795,-0.010381290689110756,0.13184505701065063,0.6897662878036499,0.8429868221282959,0.7049253582954407,0.7233895063400269,0.5544313788414001,0.5302389860153198,0.709675669670105,0.5963968634605408,0.6273272037506104,0.4074000120162964,0.17642876505851746,0.286003977060318,0.058656852692365646,0.4598921835422516,0.37649255990982056,0.3074195981025696,0.35838520526885986,0.3312542736530304,0.21415098011493683,0.21746104955673218,0.20967888832092285,0.22523891925811768,0.28302308917045593,0.3691886067390442,0.19912607967853546,0.22850489616394043,0.36646604537963867,0.33615097403526306,0.5252056121826172,0.2922568619251251,0.25723010301589966,0.2782653868198395,0.20284442603588104,0.3005344569683075,0.36563315987586975,0.3773190975189209,0.39272233843803406,0.4079015851020813,0.3148146867752075,0.22194062173366547,0.19125458598136902,0.5167783498764038,0.15212275087833405,0.40438055992126465,0.3639999032020569,0.4410957098007202,0.3532578945159912,0.3503287136554718,0.3144465982913971,0.3449435830116272,0.5758398771286011,0.38993117213249207,0.4427245557308197,0.33033856749534607,0.4162888526916504,0.3962821364402771,0.20287925004959106,0.3109523057937622
Yunus,0.709658145904541,0.080439992249012,0.3598240911960602,-0.030196571722626686,0.07420358806848526,0.7421571612358093,0.5729197859764099,0.2252700924873352,0.08676833659410477,0.0,0.5840344429016113,0.08452433347702026,0.59258633852005,0.6069002151489258,0.488473117351532,0.46078649163246155,0.4144577383995056,0.41964051127433777,0.27578648924827576,0.4053921103477478,0.5100373029708862,0.4638206958770752,0.7279840707778931,0.06013962998986244,0.5235469341278076,0.4432300329208374,0.49639979004859924,0.494624525308609,0.766044557094574,0.6762042045593262,0.5161840915679932,0.6747971177101135,-0.026578377932310104,0.7122306823730469,0.5300682783126831,0.5551581978797913,0.40608420968055725,0.4613318145275116,0.6974697709083557,0.7388172745704651,0.7956249117851257,0.5806301832199097,0.6049389243125916,0.5319303870201111,0.7408450245857239,0.628929078578949,0.3391278088092804,0.15962763130664825,0.28964370489120483,0.565163254737854,0.43970754742622375,0.5216634273529053,0.49323099851608276,0.3848043382167816,0.35682544112205505,0.469999223947525,0.24077916145324707,0.3062296509742737,0.5303025841712952,0.3027196526527405,0.4576089084148407,0.4690391421318054,0.4087257385253906,0.5011035799980164,0.24008825421333313,0.1940704733133316,0.6243451237678528,0.5376102328300476,0.579641580581665,0.5312146544456482,0.4107086956501007,0.6617627143859863,0.3305979073047638,0.4806056022644043,0.5508506298065186,0.20977552235126495,0.4866695702075958,0.5164717435836792,0.59708172082901,0.3808588683605194,0.4024590849876404,0.49792027473449707,0.6233114004135132,0.5022856593132019,0.48988547921180725,0.5073916912078857,0.4364776313304901,0.5442128777503967,0.5435978770256042,0.4854799509048462,0.36630916595458984,0.40512359142303467,0.4099452495574951,0.4632319211959839,0.5959932208061218,0.5061996579170227,0.38029563426971436,0.5268939733505249,0.5341100096702576,0.5191720724105835,0.5174073576927185,0.5581262111663818,0.5714412927627563,0.5416347980499268,0.5194800496101379,0.34389638900756836,0.48643481731414795,0.44500094652175903,0.5313811898231506,0.34340900182724,0.48257461190223694,0.5158922076225281,0.4542038142681122,0.3332476019859314
Hud,0.5666382312774658,-0.17245139181613922,0.018952250480651855,-0.22315382957458496,-0.050036169588565826,0.40368032455444336,0.7121367454528809,-0.020477037876844406,-0.13561521470546722,0.5840344429016113,0.0,0.5165380239486694,0.2746446132659912,0.575147807598114,0.7053447961807251,0.27069586515426636,0.45750850439071655,0.5643946528434753,0.6164007782936096,0.6162186861038208,0.718880295753479,0.18328246474266052,0.6848501563072205,-0.11997228115797043,0.5609422922134399,0.8333107829093933,0.6789875030517578,0.6131885051727295,0.7413289546966553,0.3036395311355591,0.3456310033798218,0.6156855821609497,-0.035069696605205536,0.5471301078796387,0.24017001688480377,0.5751113295555115,0.6352266073226929,0.7789595723152161,0.4014846384525299,0.5605246424674988,0.5891736149787903,0.2194431722164154,0.7600852251052856,0.5579706430435181,0.49069875478744507,0.6967257857322693,0.12370480597019196,-0.01731111668050289,0.15433445572853088,0.5872020721435547,0.6403293013572693,0.5420718789100647,0.3658114969730377,0.7206448316574097,0.4406979978084564,0.34668466448783875,0.00819344911724329,0.10742629319429398,0.35862505435943604,0.20497730374336243,0.40665125846862793,0.2952497899532318,0.2531391680240631,0.3711419403553009,0.0924888402223587,0.3610932528972626,0.5393052101135254,0.6412031054496765,0.5526723265647888,0.42061877250671387,0.5891321897506714,0.4981028735637665,0.3248600363731384,0.41231995820999146,0.41447269916534424,0.33145764470100403,0.36309969425201416,0.39776307344436646,0.5261807441711426,0.2801826596260071,0.4712042808532715,0.37644609808921814,0.5139488577842712,0.36101940274238586,0.4728604555130005,0.441236674785614,0.4830400049686432,0.42181602120399475,0.5634703636169434,0.42085933685302734,0.3921484053134918,0.4131190776824951,0.43169936537742615,0.4573327898979187,0.5049567222595215,0.5051413178443909,0.3718307912349701,0.4348659813404083,0.3205151855945587,0.4079810082912445,0.34839120507240295,0.5129842758178711,0.5132652521133423,0.3415561318397522,0.569475531578064,0.4678153395652771,0.35068202018737793,0.4664577543735504,0.44650793075561523,0.37878745794296265,0.45617935061454773,0.3498881459236145,0.5013220310211182,0.3437419533729553
Yusuf,0.2112821638584137,0.09447382390499115,-0.005395554006099701,-0.09186672419309616,-0.04109814763069153,0.20907294750213623,0.3625936210155487,-0.024106033146381378,-0.10975661128759384,0.08452433347702026,0.5165380239486694,0.0,-0.007873217575252056,0.4187116324901581,0.43091270327568054,0.07629705965518951,0.434427410364151,0.5682706236839294,0.5508980751037598,0.49965327978134155,0.527420163154602,-0.04460453987121582,0.3760668635368347,0.06136574223637581,0.22153159976005554,0.5851882100105286,0.6315447092056274,0.5876205563545227,0.2580697536468506,0.07936351746320724,0.3590015172958374,0.27507784962654114,0.14853782951831818,0.23630701005458832,0.06266960501670837,0.41448867321014404,0.43297433853149414,0.5932926535606384,0.12885989248752594,0.12759970128536224,0.16796168684959412,0.04974303022027016,0.5405226349830627,0.3332376480102539,0.10898256301879883,0.42700228095054626,0.015072353184223175,0.1110275536775589,0.16670040786266327,0.38895532488822937,0.44527244567871094,0.33798766136169434,0.40729355812072754,0.44796302914619446,0.37568092346191406,0.1420401781797409,-0.035998981446027756,-0.027431121096014977,0.11607234925031662,0.11662479490041733,0.3792893886566162,0.23175935447216034,0.2119564414024353,0.2898562252521515,0.16960901021957397,0.44803476333618164,0.28375834226608276,0.5369221568107605,0.2686251997947693,0.1346769779920578,0.41148293018341064,0.28030821681022644,0.31428593397140503,0.2574680745601654,0.40395504236221313,0.25663286447525024,0.13616032898426056,0.22936919331550598,0.3236585855484009,0.398786336183548,0.46838808059692383,0.26363998651504517,0.20393529534339905,0.3053171932697296,0.16786041855812073,0.3682650029659271,0.37575963139533997,0.19967171549797058,0.4614613652229309,0.32752829790115356,0.265990674495697,0.37275320291519165,0.46102041006088257,0.40397918224334717,0.26132529973983765,0.5089841485023499,0.28665584325790405,0.132869154214859,0.1407533586025238,0.31844449043273926,0.2157508134841919,0.346731960773468,0.3416103720664978,0.18215836584568024,0.384533554315567,0.350795179605484,0.19461436569690704,0.34541431069374084,0.3287056088447571,0.37158384919166565,0.37576818466186523,0.29323121905326843,0.3868385851383209,0.3088480234146118
Ar-Rad,0.6616913080215454,0.17583024501800537,0.2982998192310333,0.2272074967622757,0.21493062376976013,0.5446609258651733,0.19876855611801147,0.3050331473350525,0.2792520821094513,0.59258633852005,0.2746446132659912,-0.007873217575252056,0.0,0.5425145030021667,0.5232997536659241,0.736375093460083,0.5143895149230957,0.3066827356815338,0.41048452258110046,0.2339465618133545,0.327595591545105,0.7358648777008057,0.4997258484363556,0.43950355052948,0.6392021179199219,0.1723290979862213,0.4322584271430969,0.17760680615901947,0.6047078371047974,0.6525855660438538,0.7551514506340027,0.7060844302177429,0.31117433309555054,0.7481781244277954,0.8034699559211731,0.5797011852264404,0.45110833644866943,0.49102699756622314,0.7377541065216064,0.5351442098617554,0.7361338138580322,0.7658327221870422,0.46810105443000793,0.6414546966552734,0.6850777268409729,0.42664623260498047,0.4188329577445984,0.5108059644699097,0.4379507601261139,0.6818059682846069,0.49763354659080505,0.626265287399292,0.6960203051567078,0.4046458601951599,0.5509517192840576,0.6213817000389099,0.5441297888755798,0.4683155119419098,0.6391040682792664,0.3494310677051544,0.47448185086250305,0.732150137424469,0.4179542660713196,0.6503115296363831,0.5627173185348511,0.471438467502594,0.5774260759353638,0.4956328570842743,0.6257753372192383,0.7597349286079407,0.3957526385784149,0.5687410831451416,0.5842515826225281,0.5495063662528992,0.6439962387084961,0.611611008644104,0.6198200583457947,0.798696756362915,0.7108769416809082,0.6338796019554138,0.6617701053619385,0.7132859826087952,0.7434021830558777,0.6703270077705383,0.6666516065597534,0.7373097538948059,0.6207640171051025,0.7851778864860535,0.7244613766670227,0.6225457787513733,0.6439947485923767,0.5972613096237183,0.47979336977005005,0.6177502870559692,0.7288281917572021,0.5297805666923523,0.7325608730316162,0.6596864461898804,0.7162461876869202,0.7341116666793823,0.738436222076416,0.566977858543396,0.7440224289894104,0.7629676461219788,0.6803147196769714,0.5907633900642395,0.6178389191627502,0.7246060967445374,0.7052675485610962,0.5093440413475037,0.592249870300293,0.7389628887176514,0.6868908405303955,0.6800966858863831
Ibrahim,0.7381488680839539,0.1963636577129364,0.31260621547698975,0.02903406135737896,0.24048492312431335,0.45551028847694397,0.5732496976852417,0.28299593925476074,0.09884904325008392,0.6069002151489258,0.575147807598114,0.4187116324901581,0.5425145030021667,0.0,0.5726619958877563,0.44980907440185547,0.5315563082695007,0.585080623626709,0.5697712302207947,0.5879180431365967,0.5626006722450256,0.5426533222198486,0.7515913248062134,0.2879687547683716,0.6176584959030151,0.6475284695625305,0.5499748587608337,0.6336966156959534,0.6483897566795349,0.6754874587059021,0.7673947215080261,0.7782696485519409,0.16788458824157715,0.6050693988800049,0.6518282294273376,0.6427680850028992,0.4509768784046173,0.67237788438797,0.5675485134124756,0.7229254245758057,0.6563528776168823,0.5617381930351257,0.6458476185798645,0.765974223613739,0.7615757584571838,0.6904774904251099,0.3458372950553894,0.42348751425743103,0.3872193396091461,0.7006628513336182,0.6077870726585388,0.5838225483894348,0.5012487769126892,0.5854455828666687,0.7083067893981934,0.4728747010231018,0.5101661086082458,0.33453044295310974,0.5416810512542725,0.4359304904937744,0.6078072786331177,0.6676821708679199,0.5209242105484009,0.6421785354614258,0.47299593687057495,0.5104429125785828,0.5985968708992004,0.5720178484916687,0.7287169694900513,0.6373693943023682,0.7098739147186279,0.6058710813522339,0.6432231664657593,0.6309323906898499,0.6984379887580872,0.6089796423912048,0.6480394005775452,0.7318909764289856,0.7577124834060669,0.6652199625968933,0.6336629390716553,0.6852295994758606,0.6607387065887451,0.6627723574638367,0.6375291347503662,0.7264165878295898,0.6337901949882507,0.7001392841339111,0.7268866300582886,0.5624251961708069,0.5835115909576416,0.6539483666419983,0.5764172673225403,0.668029248714447,0.7262956500053406,0.5698263049125671,0.5309303998947144,0.6020444631576538,0.6583113670349121,0.6756405234336853,0.6788432002067566,0.6710298657417297,0.660057783126831,0.7114668488502502,0.7232422232627869,0.5840532779693604,0.5052167773246765,0.6775866746902466,0.7143866419792175,0.5639288425445557,0.6764827370643616,0.6056015491485596,0.6238571405410767,0.5118120312690735
Al-Hijr,0.5872384309768677,-0.13523581624031067,-0.07547802478075027,-0.20729407668113708,-0.07512614130973816,0.4203152060508728,0.5704529881477356,-0.10169157385826111,-0.2041153907775879,0.488473117351532,0.7053447961807251,0.43091270327568054,0.5232997536659241,0.5726619958877563,0.0,0.4138888418674469,0.6714285016059875,0.6844716668128967,0.7546314597129822,0.6381919384002686,0.7539651989936829,0.27098897099494934,0.6961938142776489,-0.05766439065337181,0.6915144324302673,0.7168825268745422,0.7740203738212585,0.5176677107810974,0.639045238494873,0.3565689027309418,0.4299432337284088,0.6923625469207764,-0.011414354667067528,0.6952085494995117,0.3984813094139099,0.7239097952842712,0.7641478180885315,0.8463625907897949,0.4256894290447235,0.397159606218338,0.6627417206764221,0.26055988669395447,0.8043124079704285,0.7621867656707764,0.505598783493042,0.5985969305038452,0.054399024695158005,0.041020289063453674,0.11828865110874176,0.8026472330093384,0.7681495547294617,0.6289430260658264,0.541494607925415,0.7917258739471436,0.5334292054176331,0.6201136112213135,0.018720239400863647,0.025535253807902336,0.3259580731391907,0.03318755701184273,0.3326706290245056,0.4247070848941803,0.1758008599281311,0.285826712846756,0.21362778544425964,0.4007880687713623,0.5524687767028809,0.7014998197555542,0.7109641432762146,0.5185191631317139,0.43057939410209656,0.5002981424331665,0.5109506249427795,0.427044540643692,0.534144937992096,0.5569548010826111,0.6091589331626892,0.6652896404266357,0.637916624546051,0.5169603228569031,0.6955798268318176,0.5801107883453369,0.6200156211853027,0.4437164068222046,0.5039864778518677,0.6442151069641113,0.5955548286437988,0.6539335250854492,0.6973751187324524,0.5629634857177734,0.5305689573287964,0.39420658349990845,0.4627259075641632,0.5069911479949951,0.607822060585022,0.4537469148635864,0.6685923933982849,0.42440932989120483,0.533636748790741,0.5584739446640015,0.5130001306533813,0.5412060022354126,0.5814207792282104,0.5055558085441589,0.6344700455665588,0.5754970908164978,0.4004233777523041,0.5342859625816345,0.5175814032554626,0.3834593594074249,0.5235811471939087,0.33874937891960144,0.5505235195159912,0.4249674677848816
