Books,Al-Fatiha,Al-Baqarah,Al Imran,An-Nisa,Al-Maidah,Al-Anam,Al-Araf,Al-Anfal,At-Tawbah,Yunus,Hud,Yusuf,Ar-Rad,Ibrahim,Al-Hijr,An-Nahl,Al-Isra,Al-Kahf,Maryam,Ta-Ha,Al-Anbiya,Al-Hajj,Al-Muminun,An-Nur,Al-Furqan,Ash-Shuara,An-Naml,Al-Qasas,Al-Ankabut,Ar-Rum,Luqmaan,As-Sajda,Al-Ahzaab,Saba (surah),Faatir,Yaseen,As-Saaffaat,Saad,Az-Zumar,Ghafir,Fussilat,Ash_Shooraa,Az-Zukhruf,Ad-Dukhaan,Al-Jaathiyah,Al-Ahqaaf,Muhammad,Al-Fath,Al-Hujuraat,Qaaf,Adh-Dhaariyaat,At-Toor,An-Najm,Al-Qamar,Ar-Rahman,Al-Waqia,Al-Hadeed,Al-Mujadila,Al-Hashr,Al-Mumtahanah,As-Saff,Al-Jumuah,Al-Munafiqoon,At-Taghabun,At-Talaq,At-Tahreem,Al-Mulk,Al-Qalam,Al-Haaqqa,Al-Maaarij,Nooh,Al-Jinn,Al-Muzzammil,Al-Muddaththir,Al-Qiyamah,Al-Insaan,Al-Mursalaat,An-Naba,An-Naaziaat,Abasa,At-Takweer,Al-Infitar,Al-Mutaffifeen,Al-Inshiqaaq,Al-Burooj,At-Taariq,Al-Alaa,Al-Ghaashiyah,Al-Fajr,Al-Balad,Ash-Shams,Al-Layl,Ad-Dhuha,Ash-Sharh,At-Teen,Al-Alaq,Al-Qadr,Al-Bayyinahh,Az-Zalzalah,Al-Aadiyaat,Al-Qaariah,At-Takaathur,Al-Asr,Al-Humazah,Al-Feel,Quraysh,Al-Maaoon,Al-Kawthar,Al-Kaafiroon,An-Nasr,Al-Masad,Al-Ikhlaas,Al-Falaq,Al-Naas
Book document vector lengths,1.1793215,12.713969,9.351614,16.78796,11.550717,9.807613,10.211889,9.600066,14.593471,9.426968,9.201736,13.508325,7.960068,6.390689,7.5101223,8.46987,8.053444,10.212969,8.264202,11.802826,7.734305,7.103816,7.476957,11.579757,6.5437417,11.033093,7.9907284,9.202852,7.5292296,7.531717,6.25998,6.2964983,12.091746,6.6622496,6.9007154,6.418601,7.6666374,7.8227367,8.325801,7.2187204,6.0676007,7.631068,6.7487707,5.8311167,6.949578,6.3372545,7.705292,7.858525,6.5838575,6.242331,5.296699,5.2674174,5.1416388,7.3066373,10.931153,6.993277,7.3580647,6.5454373,5.8569226,5.819311,4.471173,4.052539,4.1207123,5.739367,5.9530406,4.9728637,5.0350957,4.6987414,4.9758,4.33905,4.0262113,4.336853,4.601675,4.1205544,4.4663677,5.0101156,5.8884587,4.235401,4.0130763,4.1904435,3.542462,2.5617642,4.5543547,2.8397396,2.7036862,2.548241,2.3836374,3.8288527,3.999114,2.946178,2.9638517,3.115273,1.7155247,1.4587824,1.6149004,3.1790864,1.2796774,2.8353896,1.7549223,2.2799287,1.785322,1.7013426,0.9755484,1.8809372,1.5947217,1.2762979,1.0837469,0.59866685,1.1897244,0.91593206,1.5639354,0.5954837,1.3177536,1.2549053
Book sum of word vector lengths,676.7931909561157,101989.64957726002,59969.11428377032,60574.80835661292,46826.87947630882,54280.86209490895,59007.753456026316,20441.104817330837,42297.281890422106,32178.52363985777,33533.54156640172,29390.131374269724,14463.098240554333,14587.793492913246,11356.984700411558,31590.11958643794,25719.872561246157,26743.132831037045,16563.91949185729,23144.727396190166,20579.963833540678,20872.79675719142,18123.322189867496,21457.275902181864,15650.563008487225,24532.138077944517,20110.83570253849,24776.807645112276,18078.617995530367,14353.691304594278,9120.187991470098,6560.949609518051,20497.305351227522,14828.646951913834,12837.910576552153,12963.66357833147,15013.64038786292,12748.420960098505,20400.205930680037,21291.32071250677,13837.558476418257,14977.31902897358,15209.305832654238,6023.609628289938,9293.341775387526,10984.264774084091,9552.366324484348,9951.157813340425,6019.355986773968,6441.564403444529,6407.528028309345,5493.754582822323,5951.323639839888,6017.989975452423,6720.809469878674,6094.608822822571,10455.364012360573,8017.739468634129,8164.026708394289,6255.865056067705,3661.1812453866005,2704.77096375823,3128.6493238806725,4797.229911983013,4811.520762056112,4327.201253801584,5464.342936515808,5573.004968374968,4653.588775575161,3469.5504368543625,3572.312760025263,4519.895717352629,3262.2614127397537,4214.790113300085,2899.61383163929,3682.0379444658756,3299.1595667004585,2826.754526644945,3140.9950814545155,2272.7701611816883,1593.8540661036968,1371.148155361414,2546.5890335142612,1842.790256202221,1729.8011828660965,931.9611140489578,1211.6139544844627,1419.758386015892,2195.2686454951763,1367.4789757728577,1149.3700928092003,1326.984952867031,892.051853209734,313.97314393520355,560.4608745574951,1152.907436400652,457.0456910133362,1651.553366303444,624.9159811139107,665.6912752091885,602.9548729658127,567.2395724058151,266.75373363494873,480.88025856018066,288.93661415576935,241.64594221115112,349.42258846759796,191.16122210025787,398.5217890739441,264.65498065948486,292.0016948878765,216.4231794178486,404.3174780905247,267.0208654999733

Similarity matrix,Al-Fatiha,Al-Baqarah,Al Imran,An-Nisa,Al-Maidah,Al-Anam,Al-Araf,Al-Anfal,At-Tawbah,Yunus,Hud,Yusuf,Ar-Rad,Ibrahim,Al-Hijr,An-Nahl,Al-Isra,Al-Kahf,Maryam,Ta-Ha,Al-Anbiya,Al-Hajj,Al-Muminun,An-Nur,Al-Furqan,Ash-Shuara,An-Naml,Al-Qasas,Al-Ankabut,Ar-Rum,Luqmaan,As-Sajda,Al-Ahzaab,Saba (surah),Faatir,Yaseen,As-Saaffaat,Saad,Az-Zumar,Ghafir,Fussilat,Ash_Shooraa,Az-Zukhruf,Ad-Dukhaan,Al-Jaathiyah,Al-Ahqaaf,Muhammad,Al-Fath,Al-Hujuraat,Qaaf,Adh-Dhaariyaat,At-Toor,An-Najm,Al-Qamar,Ar-Rahman,Al-Waqia,Al-Hadeed,Al-Mujadila,Al-Hashr,Al-Mumtahanah,As-Saff,Al-Jumuah,Al-Munafiqoon,At-Taghabun,At-Talaq,At-Tahreem,Al-Mulk,Al-Qalam,Al-Haaqqa,Al-Maaarij,Nooh,Al-Jinn,Al-Muzzammil,Al-Muddaththir,Al-Qiyamah,Al-Insaan,Al-Mursalaat,An-Naba,An-Naaziaat,Abasa,At-Takweer,Al-Infitar,Al-Mutaffifeen,Al-Inshiqaaq,Al-Burooj,At-Taariq,Al-Alaa,Al-Ghaashiyah,Al-Fajr,Al-Balad,Ash-Shams,Al-Layl,Ad-Dhuha,Ash-Sharh,At-Teen,Al-Alaq,Al-Qadr,Al-Bayyinahh,Az-Zalzalah,Al-Aadiyaat,Al-Qaariah,At-Takaathur,Al-Asr,Al-Humazah,Al-Feel,Quraysh,Al-Maaoon,Al-Kawthar,Al-Kaafiroon,An-Nasr,Al-Masad,Al-Ikhlaas,Al-Falaq,Al-Naas
Al-Fatiha,0.0,0.15148763358592987,0.38110142946243286,0.2809593379497528,0.3304728865623474,0.5582357048988342,0.6554979085922241,0.3482981026172638,0.21753734350204468,0.6530276536941528,0.599838376045227,0.42885124683380127,0.331354558467865,0.6788368225097656,0.5851179361343384,0.38363370299339294,0.5939797759056091,0.5088979601860046,0.554513692855835,0.5124919414520264,0.6595989465713501,0.36507853865623474,0.6665152311325073,0.19602520763874054,0.6332338452339172,0.5527172684669495,0.5237633585929871,0.6484590768814087,0.6553207635879517,0.42284128069877625,0.5223466753959656,0.6362208724021912,0.2896515727043152,0.6495351195335388,0.42526015639305115,0.5829105377197266,0.6360243558883667,0.5106920003890991,0.4816436767578125,0.6385577917098999,0.5758296251296997,0.5463926792144775,0.7003229260444641,0.5812913775444031,0.6707282066345215,0.778562068939209,0.3578731417655945,0.35853680968284607,0.5851604342460632,0.4629615843296051,0.5486413836479187,0.5924046635627747,0.449126273393631,0.4658392369747162,0.4358792006969452,0.42343688011169434,0.42884114384651184,0.3640872538089752,0.4913178086280823,0.6204107403755188,0.6571233868598938,0.5077961683273315,0.5516123175621033,0.6081920862197876,0.44373881816864014,0.46247929334640503,0.5134674310684204,0.6775245666503906,0.41627219319343567,0.4760613441467285,0.7061012387275696,0.8070948123931885,0.45812752842903137,0.5857861042022705,0.5156800746917725,0.4477401375770569,0.5035961270332336,0.4858834445476532,0.4436416029930115,0.5784370303153992,0.37740546464920044,0.4339603781700134,0.5558316111564636,0.5503751039505005,0.4627606272697449,0.5449059009552002,0.5927694439888,0.5444571375846863,0.5606011152267456,0.5970726013183594,0.46457934379577637,0.571047306060791,0.6126675605773926,0.6748597621917725,0.5032428503036499,0.6186767816543579,0.3168935179710388,0.6323362588882446,0.3757103681564331,0.5546045899391174,0.43268975615501404,0.6353390216827393,0.6663771271705627,0.5181259512901306,0.6861844062805176,0.6610525250434875,0.5207666158676147,0.632621705532074,0.7341683506965637,0.6712549328804016,0.613412618637085,0.3682015538215637,0.3910353183746338,0.7218209505081177
Al-Baqarah,0.15148763358592987,0.0,0.7225276231765747,0.6330923438072205,0.6332677602767944,-0.03853153809905052,-0.12026485800743103,0.6452724933624268,0.580760657787323,-0.021127574145793915,-0.12239400297403336,0.08009029179811478,0.36279258131980896,0.17634239792823792,-0.06983085721731186,0.46514320373535156,0.15291020274162292,-0.04230121523141861,0.0036206888034939766,-0.0745084211230278,-0.017570307478308678,0.4674534499645233,-0.04386698827147484,0.7644700407981873,0.1415317952632904,-0.07356885820627213,0.05569647625088692,0.12633125483989716,0.16276726126670837,0.36704638600349426,0.44116848707199097,0.1346435397863388,0.7143936157226562,0.16523011028766632,0.5573437213897705,0.049563128501176834,-0.03885192424058914,0.007991298101842403,0.20115728676319122,0.129771888256073,0.10223960131406784,0.3237423300743103,0.044544097036123276,0.10790419578552246,0.2739993929862976,0.10472849011421204,0.6231988668441772,0.6069716215133667,0.6715943217277527,0.04932452738285065,0.19156800210475922,0.29497474431991577,0.3245062232017517,0.017529301345348358,0.17937886714935303,0.2758168876171112,0.6325445175170898,0.5777813792228699,0.5160925388336182,0.590881884098053,0.5270312428474426,0.5675339698791504,0.4592611789703369,0.6129919290542603,0.6007737517356873,0.5278820395469666,0.27306684851646423,0.17598827183246613,0.14315250515937805,0.35124579071998596,0.3428579568862915,0.07338636368513107,0.46424436569213867,0.28545114398002625,0.08858639746904373,0.21289585530757904,0.07473894208669662,0.1799650490283966,0.08963661640882492,0.352555513381958,0.22293098270893097,0.31649476289749146,0.22555211186408997,0.19771867990493774,0.2939901649951935,0.29435983300209045,0.32364127039909363,0.2765710949897766,0.27499181032180786,0.4362737536430359,0.3300974369049072,0.39715713262557983,0.4185428321361542,0.31605690717697144,0.26760539412498474,0.28320011496543884,0.25651633739471436,0.43951669335365295,0.3712591826915741,0.394405722618103,0.2713088095188141,0.25656428933143616,0.38242438435554504,0.276897668838501,0.3058149516582489,0.3567168116569519,0.3742213845252991,0.346523642539978,0.4085429906845093,0.32180434465408325,0.33930712938308716,0.22964996099472046,0.20316889882087708,0.1261272430419922
Al Imran,0.38110142946243286,0.7225276231765747,0.0,0.6927632093429565,0.8049487471580505,0.12510448694229126,0.03518734872341156,0.7992271780967712,0.6969711780548096,0.21092180907726288,-0.0200587660074234,-0.03155738487839699,0.4552469551563263,0.33510634303092957,0.030182084068655968,0.5630798935890198,0.15635298192501068,-0.09604953229427338,0.07214928418397903,-0.061475105583667755,0.07595273107290268,0.6001796126365662,0.09597966820001602,0.7244938611984253,0.3593582212924957,0.06384149938821793,0.06136346980929375,0.16019050776958466,0.4937306046485901,0.4308871030807495,0.5467694997787476,0.3514735698699951,0.7519873380661011,0.33270877599716187,0.5423476696014404,0.12926743924617767,0.1499691903591156,0.17224828898906708,0.4520294666290283,0.4573938846588135,0.2943504750728607,0.5885459780693054,0.27906501293182373,0.2499341070652008,0.5463495850563049,0.38708361983299255,0.7555778622627258,0.7641200423240662,0.7986522912979126,0.16760016977787018,0.19061103463172913,0.3702598512172699,0.349526584148407,0.1934732049703598,0.18156583607196808,0.2896624505519867,0.7732894420623779,0.6895113587379456,0.7474952340126038,0.7021080255508423,0.731360137462616,0.7403886914253235,0.6480893492698669,0.8013107776641846,0.663701057434082,0.705281138420105,0.3860723078250885,0.2815128564834595,0.2656947076320648,0.4346948564052582,0.4366975426673889,0.3108598291873932,0.42158180475234985,0.398440957069397,0.2061646282672882,0.23909126222133636,0.2036461979150772,0.29311835765838623,0.22210495173931122,0.3726790249347687,0.3431948721408844,0.3800566792488098,0.4463901221752167,0.48936137557029724,0.5269279479980469,0.30407387018203735,0.40554213523864746,0.36119550466537476,0.4143047630786896,0.5040127635002136,0.44518426060676575,0.5263709425926208,0.5529259443283081,0.4165208339691162,0.3702305555343628,0.3433307707309723,0.27337950468063354,0.6475500464439392,0.4006350338459015,0.4951627254486084,0.4093424677848816,0.43736132979393005,0.42241349816322327,0.3844309151172638,0.409056693315506,0.48023903369903564,0.3708881437778473,0.3770696222782135,0.5675200819969177,0.5251462459564209,0.47399502992630005,0.365527480840683,0.3283088505268097,0.29786035418510437
An-Nisa,0.2809593379497528,0.6330923438072205,0.6927632093429565,0.0,0.821696400642395,-0.08251388370990753,-0.23683762550354004,0.7554639577865601,0.7845873832702637,-0.170332670211792,-0.21404093503952026,-0.04694115370512009,0.37594476342201233,0.03192851319909096,-0.12125778943300247,0.41506868600845337,0.27966734766960144,-0.06859298795461655,-0.02339414320886135,-0.2341373860836029,-0.1065569743514061,0.3769999146461487,-0.06919404119253159,0.7746226191520691,0.22857196629047394,-0.19735197722911835,-0.14068055152893066,0.0023350203409790993,0.19607630372047424,0.1948835700750351,0.4270954132080078,0.03663954883813858,0.8396235704421997,0.2009582817554474,0.5098934769630432,0.006564184557646513,-0.0264559555798769,-0.06297383457422256,0.2335415929555893,0.04557078704237938,0.11448077857494354,0.3732863664627075,0.021695738658308983,0.08016558736562729,0.20912261307239532,0.11962615698575974,0.6338008642196655,0.7249812483787537,0.727104127407074,-0.04704924672842026,0.009523535147309303,0.23688696324825287,0.17106784880161285,-0.07428818196058273,-0.034869324415922165,0.2555091381072998,0.6577348113059998,0.7428511381149292,0.5755441188812256,0.7770718336105347,0.6149055361747742,0.519660234451294,0.5909757614135742,0.644095242023468,0.6709309816360474,0.556084156036377,0.25689494609832764,0.03399135172367096,0.020617447793483734,0.360311895608902,0.376250296831131,0.22281882166862488,0.3329630494117737,0.15919874608516693,0.0692550465464592,0.22434206306934357,0.011846399866044521,0.10911523550748825,0.049876388162374496,0.3343627452850342,0.12812767922878265,0.1842743456363678,0.12506899237632751,0.246071919798851,0.32311001420021057,0.19954411685466766,0.23817557096481323,0.23910963535308838,0.19529716670513153,0.4450964331626892,0.21258729696273804,0.41836073994636536,0.5220094919204712,0.2589974105358124,0.2038816660642624,0.2855002284049988,0.05582595244050026,0.4636836647987366,0.31120964884757996,0.35626593232154846,0.2301306128501892,0.3005104959011078,0.30300581455230713,0.20861932635307312,0.2997984290122986,0.40637680888175964,0.29577940702438354,0.2869911193847656,0.3891422748565674,0.3706458806991577,0.36400583386421204,0.2654764652252197,0.1968204528093338,0.1877889335155487
Al-Maidah,0.3304728865623474,0.6332677602767944,0.8049487471580505,0.821696400642395,0.0,0.0010355282574892044,-0.02081027626991272,0.7832670211791992,0.8010797500610352,0.07345782965421677,-0.09186722338199615,-0.04157358035445213,0.353141725063324,0.12454091012477875,0.030058223754167557,0.4637760818004608,0.19586408138275146,-0.05834072828292847,-0.01595490425825119,-0.06114660203456879,-0.0016841430915519595,0.40559491515159607,0.06586609035730362,0.7083728909492493,0.2237548828125,0.08665790408849716,-0.002309303730726242,0.13051632046699524,0.3753304183483124,0.21795912086963654,0.41351544857025146,0.2699524462223053,0.8011576533317566,0.2630782425403595,0.41215279698371887,0.13335242867469788,0.08926084637641907,0.07149606198072433,0.2772779166698456,0.22771824896335602,0.16769132018089294,0.41265061497688293,0.2298804670572281,0.20471295714378357,0.3667307198047638,0.3213384449481964,0.7422851920127869,0.7334585785865784,0.810674786567688,0.08515358716249466,0.13386884331703186,0.3976711332798004,0.23755590617656708,0.11987863481044769,0.14036066830158234,0.3735199272632599,0.6779050230979919,0.7382370829582214,0.6863539218902588,0.7567510008811951,0.7317021489143372,0.6440238952636719,0.6600561141967773,0.6916302442550659,0.618148922920227,0.6553157567977905,0.2768218219280243,0.23361584544181824,0.21972952783107758,0.43317878246307373,0.43124401569366455,0.24781493842601776,0.33310407400131226,0.2709220349788666,0.14936770498752594,0.1982364058494568,0.23285938799381256,0.20443886518478394,0.0764465257525444,0.30487143993377686,0.23158389329910278,0.31150785088539124,0.37685975432395935,0.45495763421058655,0.44962140917778015,0.2053741216659546,0.25070667266845703,0.353657066822052,0.2628309726715088,0.49694234132766724,0.31896135210990906,0.39430829882621765,0.50777667760849,0.349317729473114,0.30710142850875854,0.2875528335571289,0.24033412337303162,0.6362326145172119,0.33751043677330017,0.4346180558204651,0.3071317672729492,0.428970068693161,0.3780835270881653,0.26947230100631714,0.41831374168395996,0.482360303401947,0.3552115261554718,0.3443417251110077,0.5431946516036987,0.42187753319740295,0.4754824638366699,0.28520047664642334,0.31360116600990295,0.2639520466327667
Al-Anam,0.5582357048988342,-0.03853153809905052,0.12510448694229126,-0.08251388370990753,0.0010355282574892044,0.0,0.5228613018989563,0.007006573490798473,-0.033857814967632294,0.7932507991790771,0.5231449604034424,0.30230453610420227,0.5119947195053101,0.5926426649093628,0.47437888383865356,0.6282399296760559,0.46042752265930176,0.5588489770889282,0.41062039136886597,0.4158609211444855,0.605221152305603,0.5410881042480469,0.7244372963905334,0.0028061368502676487,0.5822039246559143,0.3167220652103424,0.5169361233711243,0.44920727610588074,0.49727487564086914,0.5537954568862915,0.498180627822876,0.6755498647689819,-0.13224464654922485,0.727234959602356,0.5366178750991821,0.665254533290863,0.47105345129966736,0.4192690849304199,0.6154021620750427,0.5945708155632019,0.683484673500061,0.5224207043647766,0.7197940945625305,0.4642581045627594,0.6557868123054504,0.7032129168510437,0.24101273715496063,0.07514187693595886,0.26143941283226013,0.5608197450637817,0.43731459975242615,0.5993344187736511,0.670779824256897,0.40077945590019226,0.457166850566864,0.3710463345050812,0.17297852039337158,0.09547530859708786,0.2257327437400818,0.1651591807603836,0.23808468878269196,0.387057900428772,0.27524369955062866,0.37502527236938477,0.1673518419265747,0.10566510260105133,0.5265396237373352,0.6037458181381226,0.4559362232685089,0.409636914730072,0.40360116958618164,0.628440797328949,0.38848379254341125,0.6958596110343933,0.5245306491851807,0.34562423825263977,0.513547956943512,0.4761776328086853,0.4400843679904938,0.5225016474723816,0.4500122666358948,0.4966362714767456,0.5605053305625916,0.45759162306785583,0.34647199511528015,0.6010361313819885,0.5638093948364258,0.51114821434021,0.47578081488609314,0.5025220513343811,0.39619529247283936,0.37864968180656433,0.46439969539642334,0.5276851654052734,0.547648549079895,0.5287643671035767,0.4257621467113495,0.4378933310508728,0.29668453335762024,0.4525941014289856,0.4115315079689026,0.5529683828353882,0.6242756247520447,0.47546136379241943,0.5231707692146301,0.46366921067237854,0.39610055088996887,0.4568829834461212,0.6106248497962952,0.46937403082847595,0.46300452947616577,0.45400580763816833,0.3961770832538605,0.5916290879249573
Al-Araf,0.6554979085922241,-0.12026485800743103,0.03518734872341156,-0.23683762550354004,-0.02081027626991272,0.5228613018989563,0.0,0.04417748749256134,-0.12702353298664093,0.7325439453125,0.7491335272789001,0.5775784850120544,0.06458932906389236,0.6680231094360352,0.7706314921379089,0.1249980479478836,0.48227623105049133,0.5966345071792603,0.5897425413131714,0.7942171692848206,0.801965057849884,0.11956611275672913,0.7235836386680603,-0.13946300745010376,0.4834904968738556,0.8319885730743408,0.7322930693626404,0.7229000329971313,0.546911895275116,0.3152790069580078,0.258871853351593,0.6632312536239624,-0.08929216116666794,0.5407611727714539,0.10421637445688248,0.6679530739784241,0.7363478541374207,0.6447206735610962,0.22410419583320618,0.5320562124252319,0.5296788215637207,0.2443189024925232,0.7178565859794617,0.6736459732055664,0.5064881443977356,0.6824027299880981,0.11552279442548752,0.031533632427453995,0.19245433807373047,0.591064989566803,0.7235707640647888,0.49366962909698486,0.40400832891464233,0.6912067532539368,0.4954308271408081,0.4082323908805847,0.09716250747442245,-0.013293204829096794,0.27216190099716187,0.15837404131889343,0.3948540687561035,0.31415632367134094,0.30938583612442017,0.24274228513240814,0.1406150460243225,0.3216618299484253,0.3922897279262543,0.7820571064949036,0.4947969317436218,0.35092976689338684,0.586959719657898,0.6061203479766846,0.37006324529647827,0.5141484141349792,0.5682593584060669,0.38090524077415466,0.5862244367599487,0.46663469076156616,0.5284216403961182,0.506457507610321,0.4095459282398224,0.3784216344356537,0.56248939037323,0.5673480033874512,0.348739892244339,0.40959432721138,0.4960326552391052,0.5527211427688599,0.4932752251625061,0.38526642322540283,0.5159812569618225,0.3392927646636963,0.3273480534553528,0.6316236853599548,0.46785232424736023,0.47817355394363403,0.46599477529525757,0.4180956780910492,0.3493976891040802,0.4386143684387207,0.42023295164108276,0.4702902138233185,0.4844672679901123,0.4614245295524597,0.6771720051765442,0.4845452308654785,0.40897056460380554,0.5799906849861145,0.5094374418258667,0.4366629421710968,0.4871867299079895,0.08458631485700607,0.349104106426239,0.511387825012207
Al-Anfal,0.3482981026172638,0.6452724933624268,0.7992271780967712,0.7554639577865601,0.7832670211791992,0.007006573490798473,0.04417748749256134,0.0,0.8790765404701233,0.06298262625932693,-0.039287615567445755,0.042355988174676895,0.3992905616760254,0.2986072897911072,0.11963561177253723,0.4724176824092865,0.21330681443214417,-0.04596811532974243,0.008132210932672024,-0.10315939038991928,0.10870106518268585,0.4926753640174866,0.11225485801696777,0.7958656549453735,0.3287595808506012,0.06059767305850983,0.03692765161395073,0.17664699256420135,0.41899120807647705,0.40579211711883545,0.47537651658058167,0.3700310289859772,0.8890794515609741,0.27889230847358704,0.5358839631080627,0.1765727698802948,0.21894843876361847,0.1322755515575409,0.3111487030982971,0.3194414973258972,0.29975560307502747,0.48893266916275024,0.2256077229976654,0.3064907491207123,0.40424302220344543,0.3310448229312897,0.829334020614624,0.9057769179344177,0.794638991355896,0.15636922419071198,0.3291062116622925,0.40507349371910095,0.2518526017665863,0.22824494540691376,0.13357526063919067,0.36958420276641846,0.7533193826675415,0.830891489982605,0.839516818523407,0.7572835087776184,0.7315095067024231,0.7508960962295532,0.7932187914848328,0.7603879570960999,0.6998401284217834,0.7422569394111633,0.4062916934490204,0.2786046862602234,0.25097793340682983,0.5286208987236023,0.47073155641555786,0.26853054761886597,0.41175374388694763,0.34429308772087097,0.27999746799468994,0.3201710283756256,0.2634502947330475,0.295232355594635,0.2638895809650421,0.40003257989883423,0.36250409483909607,0.34122639894485474,0.48077303171157837,0.5072166919708252,0.5853450894355774,0.2911115884780884,0.35918205976486206,0.42916256189346313,0.36170634627342224,0.48544999957084656,0.5066828727722168,0.5479005575180054,0.48817169666290283,0.42744094133377075,0.3901822566986084,0.37569722533226013,0.33388519287109375,0.6541926860809326,0.4636082947254181,0.5348091125488281,0.38785460591316223,0.49616754055023193,0.3968026041984558,0.3857332170009613,0.4853546619415283,0.5537508130073547,0.46693894267082214,0.37674784660339355,0.5065464377403259,0.5271681547164917,0.5018432140350342,0.24297799170017242,0.41060885787010193,0.32792624831199646
At-Tawbah,0.21753734350204468,0.580760657787323,0.6969711780548096,0.7845873832702637,0.8010797500610352,-0.033857814967632294,-0.12702353298664093,0.8790765404701233,0.0,-0.02481243386864662,-0.21176864206790924,-0.1636359840631485,0.4156389832496643,0.07993320375680923,-0.09352314472198486,0.4438178539276123,0.05585793778300285,-0.10205094516277313,-0.22356441617012024,-0.268311083316803,-0.0459272675216198,0.42018038034439087,-0.023613808676600456,0.7486608624458313,0.27794361114501953,-0.14499802887439728,-0.17780672013759613,-0.01576826721429825,0.36636418104171753,0.28295356035232544,0.3671638071537018,0.2158856987953186,0.7940676212310791,0.220932736992836,0.4817064702510834,0.047018058598041534,0.03407458961009979,-0.09412374347448349,0.2889995276927948,0.20265178382396698,0.18404699862003326,0.4089565873146057,0.03806452825665474,0.10703037679195404,0.30738672614097595,0.2405080795288086,0.8227574825286865,0.8416995406150818,0.7123574614524841,0.002562294714152813,0.10215263068675995,0.4003116488456726,0.12212313711643219,-0.006710609421133995,-0.06926504522562027,0.27141058444976807,0.677680253982544,0.828395426273346,0.795491635799408,0.7163852453231812,0.5841155648231506,0.601666271686554,0.7469749450683594,0.6295650601387024,0.6147980093955994,0.5633976459503174,0.27405497431755066,0.12009654939174652,0.08936300128698349,0.46789148449897766,0.363479346036911,0.20199282467365265,0.2390606850385666,0.20665770769119263,0.11642958968877792,0.17723217606544495,0.17390891909599304,0.16126865148544312,0.07143405824899673,0.19427773356437683,0.2021632194519043,0.2046278566122055,0.3989972174167633,0.4227336347103119,0.46842160820961,0.16813133656978607,0.12252563238143921,0.32304540276527405,0.13298387825489044,0.3682439625263214,0.345075786113739,0.41790759563446045,0.434553325176239,0.21696431934833527,0.2205081284046173,0.2085069864988327,0.1585594266653061,0.6005662679672241,0.32389023900032043,0.39057454466819763,0.29944705963134766,0.36077094078063965,0.28822049498558044,0.19992373883724213,0.35005509853363037,0.4092833697795868,0.4323592185974121,0.12818634510040283,0.3959074914455414,0.36523160338401794,0.39763736724853516,0.251895546913147,0.24080999195575714,0.13295553624629974
Yunus,0.6530276536941528,-0.021127574145793915,0.21092180907726288,-0.170332670211792,0.07345782965421677,0.7932507991790771,0.7325439453125,0.06298262625932693,-0.02481243386864662,0.0,0.6995524764060974,0.2618216276168823,0.39073410630226135,0.7212101221084595,0.6098619699478149,0.44912293553352356,0.4308493733406067,0.49391716718673706,0.4444529116153717,0.6108096241950989,0.6751921772956848,0.4713839292526245,0.761916995048523,-0.006658516824245453,0.5960566997528076,0.6070038676261902,0.589096188545227,0.5221128463745117,0.6407262682914734,0.5485236644744873,0.48017361760139465,0.8023163676261902,-0.1316080540418625,0.7557170987129211,0.36949217319488525,0.7238348126411438,0.5079451203346252,0.4929754137992859,0.5352007746696472,0.7750876545906067,0.6625199913978577,0.5347660779953003,0.8203302025794983,0.5949786901473999,0.7599753141403198,0.8344454169273376,0.25626111030578613,0.08993976563215256,0.2873519957065582,0.6198864579200745,0.5442211031913757,0.6571179628372192,0.5389644503593445,0.5784756541252136,0.509323000907898,0.3848469853401184,0.23027180135250092,0.08720424026250839,0.33343133330345154,0.2229696661233902,0.38058844208717346,0.41164058446884155,0.36056816577911377,0.411898136138916,0.1728949099779129,0.19670695066452026,0.5506709218025208,0.7275216579437256,0.5670843124389648,0.414005309343338,0.5225391983985901,0.6712052822113037,0.3936418890953064,0.6762982606887817,0.5731524229049683,0.34288498759269714,0.6373028755187988,0.5555444359779358,0.4986908733844757,0.5079505443572998,0.44753915071487427,0.5464039444923401,0.7126530408859253,0.5859957337379456,0.3566417396068573,0.5355815291404724,0.5836208462715149,0.5748012661933899,0.5247307419776917,0.4290011525154114,0.44722551107406616,0.4064091742038727,0.4456250071525574,0.6254183053970337,0.5646542310714722,0.5302877426147461,0.5072605013847351,0.5038403868675232,0.3421194553375244,0.46169590950012207,0.4717417359352112,0.5856164693832397,0.5749837160110474,0.5317795872688293,0.6137170195579529,0.48358115553855896,0.4385230243206024,0.5021163821220398,0.6477041840553284,0.49242985248565674,0.49806299805641174,0.2774710953235626,0.3988477289676666,0.5629737973213196
Hud,0.599838376045227,-0.12239400297403336,-0.0200587660074234,-0.21404093503952026,-0.09186722338199615,0.5231449604034424,0.7491335272789001,-0.039287615567445755,-0.21176864206790924,0.6995524764060974,0.0,0.6795143485069275,0.1680617779493332,0.6881593465805054,0.710403323173523,0.1269502192735672,0.42867305874824524,0.559272050857544,0.7040852904319763,0.7086359858512878,0.7591869235038757,0.15695010125637054,0.7393715381622314,-0.12464377284049988,0.43432581424713135,0.7320390343666077,0.752700686454773,0.6661196947097778,0.5859953165054321,0.31785082817077637,0.39808863401412964,0.5814400315284729,-0.0931832492351532,0.572545051574707,0.1935301125049591,0.5609676241874695,0.7129397988319397,0.656441330909729,0.4382849335670471,0.5978156924247742,0.6320388317108154,0.34466326236724854,0.7260664701461792,0.5388262271881104,0.4792666733264923,0.6957300901412964,-0.0031290939077734947,-0.03160744160413742,0.18684720993041992,0.6038413047790527,0.6865801811218262,0.4484747648239136,0.47266969084739685,0.6735097169876099,0.4260715842247009,0.2587625980377197,0.02551545761525631,0.03745759651064873,0.17920641601085663,0.13852965831756592,0.37320563197135925,0.248811736702919,0.22014907002449036,0.341826468706131,0.16586145758628845,0.29342886805534363,0.4737231731414795,0.6805965900421143,0.5017858743667603,0.3923320770263672,0.5406329035758972,0.5990030765533447,0.3399706184864044,0.5844094157218933,0.6028828024864197,0.3631546199321747,0.4126187562942505,0.4486924707889557,0.6380198001861572,0.5572153329849243,0.5062635540962219,0.49040892720222473,0.5399195551872253,0.5354363918304443,0.32869723439216614,0.4749961197376251,0.5495222806930542,0.47025513648986816,0.5748099684715271,0.39905035495758057,0.47335660457611084,0.41057586669921875,0.3341628313064575,0.6199609041213989,0.44616201519966125,0.5705583095550537,0.403404176235199,0.40029364824295044,0.33357053995132446,0.4928548038005829,0.4433186650276184,0.48185813426971436,0.5732740759849548,0.5298677086830139,0.49782466888427734,0.46761035919189453,0.3905899226665497,0.558401882648468,0.46512627601623535,0.5235922932624817,0.4641023874282837,0.27965834736824036,0.32033640146255493,0.5556684136390686
Yusuf,0.42885124683380127,0.08009029179811478,-0.03155738487839699,-0.04694115370512009,-0.04157358035445213,0.30230453610420227,0.5775784850120544,0.042355988174676895,-0.1636359840631485,0.2618216276168823,0.6795143485069275,0.0,0.01792900450527668,0.5143251419067383,0.5468863844871521,0.013615615665912628,0.44354838132858276,0.6206638813018799,0.7532522678375244,0.6469530463218689,0.6279039978981018,0.0006612848956137896,0.4499605596065521,-0.002229624427855015,0.1821022629737854,0.5394752621650696,0.806268036365509,0.7491984367370605,0.22317060828208923,0.19260872900485992,0.32637259364128113,0.2627872824668884,0.12116886675357819,0.30985143780708313,0.17247237265110016,0.3816985785961151,0.6586471199989319,0.5771695971488953,0.2230049967765808,0.2383796125650406,0.3802421987056732,0.11127297580242157,0.4508228302001953,0.3871920108795166,0.16205750405788422,0.409291535615921,-0.0544121190905571,0.07123319804668427,0.20900852978229523,0.4450051486492157,0.6486662030220032,0.2365437000989914,0.5057653188705444,0.43517544865608215,0.30720117688179016,0.22920233011245728,-0.01960485428571701,0.1078534722328186,0.06705698370933533,0.13881924748420715,0.4148702323436737,0.2435535192489624,0.21911399066448212,0.2669215202331543,0.2511776089668274,0.3863992393016815,0.31170493364334106,0.5219456553459167,0.33864447474479675,0.2898452877998352,0.4836585223674774,0.4439553916454315,0.3357331156730652,0.45385119318962097,0.5707383155822754,0.35876715183258057,0.21587812900543213,0.27421027421951294,0.5503017902374268,0.5810317397117615,0.5002775192260742,0.35521355271339417,0.24695055186748505,0.40575942397117615,0.21638445556163788,0.4796577990055084,0.4696296453475952,0.3566592037677765,0.48268991708755493,0.45256826281547546,0.4593312740325928,0.37403208017349243,0.3154383599758148,0.5689838528633118,0.3780999183654785,0.6156203150749207,0.3739980161190033,0.23322847485542297,0.360759437084198,0.5261004567146301,0.3116687834262848,0.3308720886707306,0.5438701510429382,0.48485979437828064,0.4434620141983032,0.4351677894592285,0.2988874614238739,0.5565182566642761,0.3540841042995453,0.4824586510658264,0.45465779304504395,0.2994067072868347,0.33420827984809875,0.4621465504169464
Ar-Rad,0.331354558467865,0.36279258131980896,0.4552469551563263,0.37594476342201233,0.353141725063324,0.5119947195053101,0.06458932906389236,0.3992905616760254,0.4156389832496643,0.39073410630226135,0.1680617779493332,0.01792900450527668,0.0,0.5149825811386108,0.32590100169181824,0.8150372505187988,0.4437967538833618,0.2942280173301697,0.27937522530555725,0.09385904669761658,0.27329936623573303,0.8453747630119324,0.41171443462371826,0.5719660520553589,0.7414576411247253,-0.04449177533388138,0.2674727141857147,0.07422495633363724,0.4909915626049042,0.8021049499511719,0.7670656442642212,0.6245257258415222,0.3739960491657257,0.6641437411308289,0.8486422300338745,0.515578031539917,0.2307412028312683,0.31857070326805115,0.7297878265380859,0.5045957565307617,0.663386881351471,0.8533490300178528,0.43034183979034424,0.4477129876613617,0.6653428673744202,0.48751524090766907,0.5936592221260071,0.5649415254592896,0.48379790782928467,0.6258113980293274,0.38663795590400696,0.6250636577606201,0.713441789150238,0.3094574213027954,0.3720484673976898,0.5806883573532104,0.6405897736549377,0.520961344242096,0.5921276211738586,0.40734678506851196,0.37050148844718933,0.72679603099823,0.4786146879196167,0.699517011642456,0.6765897870063782,0.41165125370025635,0.6981924176216125,0.40564435720443726,0.5849249362945557,0.7461240291595459,0.5336560606956482,0.49692675471305847,0.6441577076911926,0.6605010032653809,0.5072115063667297,0.605425238609314,0.46342796087265015,0.6964632868766785,0.5531532764434814,0.6157782673835754,0.6212794184684753,0.7231473326683044,0.5907709002494812,0.5649459958076477,0.6630053520202637,0.7251283526420593,0.642853319644928,0.6765388250350952,0.6606265902519226,0.6817315816879272,0.6350533962249756,0.666828453540802,0.6481252908706665,0.5489907264709473,0.6967623233795166,0.5857990384101868,0.6190773844718933,0.6515578031539917,0.6541313529014587,0.687731921672821,0.7038384675979614,0.5886626243591309,0.62674880027771,0.7052859663963318,0.5524042844772339,0.6341036558151245,0.5003597736358643,0.44292697310447693,0.6124399304389954,0.6658706068992615,0.669845700263977,0.49158337712287903,0.6405097842216492,0.5799320340156555
Ibrahim,0.6788368225097656,0.17634239792823792,0.33510634303092957,0.03192851319909096,0.12454091012477875,0.5926426649093628,0.6680231094360352,0.2986072897911072,0.07993320375680923,0.7212101221084595,0.6881593465805054,0.5143251419067383,0.5149825811386108,0.0,0.6971425414085388,0.4722329378128052,0.6089422106742859,0.5764271020889282,0.6560442447662354,0.583371102809906,0.7176567912101746,0.6434298753738403,0.6702737808227539,0.30220574140548706,0.6696984767913818,0.5569818019866943,0.6924768090248108,0.5948596000671387,0.6115579605102539,0.7389971613883972,0.7689039707183838,0.7588024735450745,0.19751840829849243,0.7850880026817322,0.6113693118095398,0.6811256408691406,0.6074740290641785,0.7042909860610962,0.5763128995895386,0.7707240581512451,0.7689298987388611,0.6995468139648438,0.7568814158439636,0.7529385685920715,0.7512673139572144,0.7125914096832275,0.33242079615592957,0.3540392220020294,0.4341598451137543,0.7487195134162903,0.6925535798072815,0.6207805871963501,0.7065314054489136,0.6874366402626038,0.6331301927566528,0.4403885006904602,0.5028189420700073,0.3390932083129883,0.5223096013069153,0.3875238001346588,0.5061691403388977,0.651838481426239,0.5331406593322754,0.650739848613739,0.5014076232910156,0.49376243352890015,0.7120954394340515,0.7302579283714294,0.6686971783638,0.6329007148742676,0.7264585494995117,0.6973471641540527,0.653596818447113,0.7246131896972656,0.713828980922699,0.6485279202461243,0.5521009564399719,0.7103087902069092,0.6956034898757935,0.7199389934539795,0.674352765083313,0.6937574148178101,0.6724056601524353,0.6706372499465942,0.6609278321266174,0.7443202137947083,0.7599283456802368,0.6861193180084229,0.7808481454849243,0.6170855164527893,0.7091789841651917,0.6856942772865295,0.6106516122817993,0.8184634447097778,0.7590590715408325,0.7368147969245911,0.6631094217300415,0.6243830919265747,0.6583775877952576,0.7553802132606506,0.6534662246704102,0.6578680872917175,0.6780656576156616,0.7478298544883728,0.7415485978126526,0.7239477038383484,0.605387270450592,0.6719224452972412,0.6707360744476318,0.7875165939331055,0.6529190540313721,0.33711186051368713,0.5767645239830017,0.6973562240600586
Al-Hijr,0.5851179361343384,-0.06983085721731186,0.030182084068655968,-0.12125778943300247,0.030058223754167557,0.47437888383865356,0.7706314921379089,0.11963561177253723,-0.09352314472198486,0.6098619699478149,0.710403323173523,0.5468863844871521,0.32590100169181824,0.6971425414085388,0.0,0.27300071716308594,0.6325633525848389,0.588150143623352,0.7199540734291077,0.7199470400810242,0.8530868291854858,0.28026753664016724,0.7973976731300354,0.011311513371765614,0.6338968873023987,0.800478994846344,0.7686265110969543,0.6767733693122864,0.5682991147041321,0.4768850803375244,0.4511455297470093,0.7790928483009338,-0.01390122901648283,0.6260856986045837,0.3290519714355469,0.813639760017395,0.8261477947235107,0.7885674238204956,0.3532715141773224,0.5268042087554932,0.7383166551589966,0.3804369568824768,0.7720590829849243,0.8341641426086426,0.564052939414978,0.6929966807365417,0.11470196396112442,0.1273707151412964,0.2339671105146408,0.8316932320594788,0.849680483341217,0.600100040435791,0.6007170081138611,0.777546763420105,0.6461592316627502,0.6965079307556152,0.20295003056526184,0.1270042508840561,0.30592936277389526,0.1687544584274292,0.36221981048583984,0.4665353298187256,0.34480857849121094,0.3748961091041565,0.2747247815132141,0.38966837525367737,0.5728648900985718,0.8286969065666199,0.7025418877601624,0.5785742998123169,0.5535029172897339,0.6313090920448303,0.5760208964347839,0.7046566009521484,0.7495740056037903,0.5944548845291138,0.7781068086624146,0.7411665320396423,0.6909210085868835,0.6692805290222168,0.6617370843887329,0.6763874888420105,0.6450685262680054,0.6326530575752258,0.5943776965141296,0.6575594544410706,0.6698638200759888,0.7323291301727295,0.7165741324424744,0.5820052623748779,0.6594739556312561,0.5247368812561035,0.44842100143432617,0.7204545140266418,0.7533568739891052,0.6559849977493286,0.6917442679405212,0.5267972946166992,0.6060872077941895,0.613426148891449,0.6115237474441528,0.7053740620613098,0.6549909114837646,0.6863522529602051,0.7333822250366211,0.6345095634460449,0.48092302680015564,0.6949940919876099,0.6481266021728516,0.5913475155830383,0.6418038010597229,0.251918762922287,0.6376633048057556,0.7374732494354248
