Books,Al-Fatiha,Al-Baqarah,Al Imran,An-Nisa,Al-Maidah,Al-Anam,Al-Araf,Al-Anfal,At-Tawbah,Yunus,Hud,Yusuf,Ar-Rad,Ibrahim,Al-Hijr,An-Nahl,Al-Isra,Al-Kahf,Maryam,Ta-Ha,Al-Anbiya,Al-Hajj,Al-Muminun,An-Nur,Al-Furqan,Ash-Shuara,An-Naml,Al-Qasas,Al-Ankabut,Ar-Rum,Luqmaan,As-Sajda,Al-Ahzaab,Saba (surah),Faatir,Yaseen,As-Saaffaat,Saad,Az-Zumar,Ghafir,Fussilat,Ash_Shooraa,Az-Zukhruf,Ad-Dukhaan,Al-Jaathiyah,Al-Ahqaaf,Muhammad,Al-Fath,Al-Hujuraat,Qaaf,Adh-Dhaariyaat,At-Toor,An-Najm,Al-Qamar,Ar-Rahman,Al-Waqia,Al-Hadeed,Al-Mujadila,Al-Hashr,Al-Mumtahanah,As-Saff,Al-Jumuah,Al-Munafiqoon,At-Taghabun,At-Talaq,At-Tahreem,Al-Mulk,Al-Qalam,Al-Haaqqa,Al-Maaarij,Nooh,Al-Jinn,Al-Muzzammil,Al-Muddaththir,Al-Qiyamah,Al-Insaan,Al-Mursalaat,An-Naba,An-Naaziaat,Abasa,At-Takweer,Al-Infitar,Al-Mutaffifeen,Al-Inshiqaaq,Al-Burooj,At-Taariq,Al-Alaa,Al-Ghaashiyah,Al-Fajr,Al-Balad,Ash-Shams,Al-Layl,Ad-Dhuha,Ash-Sharh,At-Teen,Al-Alaq,Al-Qadr,Al-Bayyinahh,Az-Zalzalah,Al-Aadiyaat,Al-Qaariah,At-Takaathur,Al-Asr,Al-Humazah,Al-Feel,Quraysh,Al-Maaoon,Al-Kawthar,Al-Kaafiroon,An-Nasr,Al-Masad,Al-Ikhlaas,Al-Falaq,Al-Naas
Book document vector lengths,2.0549157,17.35699,11.150331,18.340883,12.087268,11.259121,11.876481,9.885344,17.353506,10.2433605,10.26636,16.472858,8.051109,7.4945416,9.096743,9.268052,9.819695,10.17413,9.835121,10.921371,10.063982,8.882893,8.513695,12.913353,8.218534,11.304787,8.978429,10.442014,9.473209,8.170471,7.009805,7.112244,15.226407,7.2363486,8.455431,7.585885,10.072084,10.000686,9.183362,8.99667,7.7186255,9.004823,7.7041206,7.8501706,7.9427433,7.33571,9.427463,8.9597435,7.153774,6.817794,6.2195015,6.8111873,7.146967,8.940166,13.132441,9.252149,8.132719,7.702536,7.280271,7.553932,6.234542,6.160174,5.117536,7.156298,8.106961,6.1919546,6.2847667,6.0005364,5.9993587,5.978051,5.260861,5.4735184,5.6986365,5.4724736,5.895979,5.574676,7.131286,6.3408213,5.8372974,5.800747,5.710384,4.3001065,5.7686057,4.4431705,4.804014,3.8677678,4.156814,4.4308133,3.9657824,3.8220496,4.570499,3.8735921,2.392294,2.719449,1.9839035,4.0115833,2.393746,3.8816416,2.5204973,2.6470654,2.7462626,2.8703027,2.2155676,2.2391143,2.5027895,1.800771,1.7059579,1.2196687,1.8260777,1.4112462,2.3426688,1.6068095,1.6245658,1.5616812
Book sum of word vector lengths,1012.8227323889732,141114.68768927455,83173.95608302951,78377.2737878561,64936.49178045988,75440.58869564533,80245.45606350899,27362.489736527205,59314.86392349005,45699.33769476414,44463.60975459218,39600.07647842169,20678.295715093613,20616.02546223998,17049.039557158947,46363.329403579235,40525.67879614234,37426.484699845314,25905.862998574972,34624.61737588048,30058.75905531645,30624.16205251217,26504.493044525385,30716.39544132352,23129.439657896757,32835.87230500579,28175.85432255268,36242.5442353487,26666.07749915123,22413.06765654683,13448.248528778553,9362.039921551943,29970.42583426833,20777.076728791,17147.760384827852,18207.89558583498,24009.60703855753,18554.693316549063,29566.116516292095,32276.687242120504,21572.06256404519,22900.155422329903,23653.0713647604,9205.60491502285,12668.52578958869,15825.351889282465,13607.20071965456,12644.553343892097,6924.910932779312,9777.82822996378,9803.759496897459,7988.12071159482,9028.012903630733,9608.51457452774,10579.24732631445,10458.951139241457,13861.922697424889,10417.465139716864,10393.639421969652,8106.332067221403,5113.043607354164,4409.642039954662,3857.025813102722,6348.722402751446,6738.148397773504,6353.826854050159,7488.644340634346,8249.460119336843,6217.342653542757,6071.413543820381,4869.665437281132,7318.113483309746,4693.905667334795,7155.28158891201,5003.132898837328,5380.098126590252,5132.39345318079,4857.997665524483,5480.150435894728,3902.742230653763,3197.6010081470013,2306.2114959955215,4411.121732383966,2740.681237101555,3005.188485234976,1910.0197767913342,2138.4615403413773,2355.720717996359,3376.2277767062187,2020.665687918663,2449.4914696216583,1997.0201979279518,1198.241979688406,818.628214776516,697.1411700844765,1914.0435925722122,866.1097238063812,2544.232907772064,945.7946546673775,1122.3138394355774,933.4455909430981,781.8005911111832,937.2577702403069,682.6718584001064,662.4646657705307,627.3676227331161,565.5639278590679,580.7561275362968,929.8879120349884,541.0163223743439,598.865470379591,431.7658085823059,565.0243633687496,497.67412853240967

Similarity matrix,Al-Fatiha,Al-Baqarah,Al Imran,An-Nisa,Al-Maidah,Al-Anam,Al-Araf,Al-Anfal,At-Tawbah,Yunus,Hud,Yusuf,Ar-Rad,Ibrahim,Al-Hijr,An-Nahl,Al-Isra,Al-Kahf,Maryam,Ta-Ha,Al-Anbiya,Al-Hajj,Al-Muminun,An-Nur,Al-Furqan,Ash-Shuara,An-Naml,Al-Qasas,Al-Ankabut,Ar-Rum,Luqmaan,As-Sajda,Al-Ahzaab,Saba (surah),Faatir,Yaseen,As-Saaffaat,Saad,Az-Zumar,Ghafir,Fussilat,Ash_Shooraa,Az-Zukhruf,Ad-Dukhaan,Al-Jaathiyah,Al-Ahqaaf,Muhammad,Al-Fath,Al-Hujuraat,Qaaf,Adh-Dhaariyaat,At-Toor,An-Najm,Al-Qamar,Ar-Rahman,Al-Waqia,Al-Hadeed,Al-Mujadila,Al-Hashr,Al-Mumtahanah,As-Saff,Al-Jumuah,Al-Munafiqoon,At-Taghabun,At-Talaq,At-Tahreem,Al-Mulk,Al-Qalam,Al-Haaqqa,Al-Maaarij,Nooh,Al-Jinn,Al-Muzzammil,Al-Muddaththir,Al-Qiyamah,Al-Insaan,Al-Mursalaat,An-Naba,An-Naaziaat,Abasa,At-Takweer,Al-Infitar,Al-Mutaffifeen,Al-Inshiqaaq,Al-Burooj,At-Taariq,Al-Alaa,Al-Ghaashiyah,Al-Fajr,Al-Balad,Ash-Shams,Al-Layl,Ad-Dhuha,Ash-Sharh,At-Teen,Al-Alaq,Al-Qadr,Al-Bayyinahh,Az-Zalzalah,Al-Aadiyaat,Al-Qaariah,At-Takaathur,Al-Asr,Al-Humazah,Al-Feel,Quraysh,Al-Maaoon,Al-Kawthar,Al-Kaafiroon,An-Nasr,Al-Masad,Al-Ikhlaas,Al-Falaq,Al-Naas
Al-Fatiha,0.0,0.2765834629535675,0.44620007276535034,0.43285611271858215,0.45213401317596436,0.5357093214988708,0.5522111654281616,0.4449966847896576,0.3073422312736511,0.6659173965454102,0.5713487267494202,0.30808135867118835,0.6170791983604431,0.6756769418716431,0.5865331888198853,0.5345249772071838,0.5273973941802979,0.5411028861999512,0.5177242755889893,0.5097528100013733,0.5722254514694214,0.4709375500679016,0.711245596408844,0.41315826773643494,0.6386104822158813,0.5378349423408508,0.5310643911361694,0.5254120826721191,0.6516482830047607,0.6078977584838867,0.6314869523048401,0.7307864427566528,0.383377343416214,0.6918218731880188,0.6916216015815735,0.6298168301582336,0.49455884099006653,0.5357776880264282,0.6450943946838379,0.6688406467437744,0.6276990175247192,0.6357108354568481,0.6973146796226501,0.6446579694747925,0.6736582517623901,0.7468773722648621,0.5144616365432739,0.5152547359466553,0.5583291053771973,0.6269751191139221,0.6396563649177551,0.6088451743125916,0.49293339252471924,0.4708923399448395,0.5830346345901489,0.6155386567115784,0.6030893325805664,0.5792068839073181,0.601556658744812,0.650266170501709,0.7370871901512146,0.6568499803543091,0.6581900715827942,0.7323521375656128,0.5790886282920837,0.5727893114089966,0.6772243976593018,0.6355422139167786,0.6432107090950012,0.7233920693397522,0.7532926797866821,0.6723441481590271,0.5840482711791992,0.6132174134254456,0.6155357360839844,0.5668150186538696,0.5989745855331421,0.6499068737030029,0.5823575854301453,0.6804400086402893,0.5663830637931824,0.6254691481590271,0.5077381730079651,0.6373643279075623,0.6555885672569275,0.590144693851471,0.7025811672210693,0.7749407291412354,0.6067613363265991,0.6494499444961548,0.5563740134239197,0.5897330641746521,0.7338955402374268,0.7303962707519531,0.7233737707138062,0.6504820585250854,0.4839915931224823,0.6028286218643188,0.5871574282646179,0.6121695041656494,0.6576278805732727,0.6971327066421509,0.6291792988777161,0.6817147731781006,0.6238524913787842,0.5669847726821899,0.687996506690979,0.5524110198020935,0.7594659328460693,0.7036395072937012,0.6965598464012146,0.7362411618232727,0.5041326284408569,0.684413731098175
Al-Baqarah,0.2765834629535675,0.0,0.658912181854248,0.580407977104187,0.6243919134140015,0.053678158670663834,0.028126444667577744,0.5461986660957336,0.535232424736023,0.020138781517744064,-0.0142912482842803,0.09218928962945938,0.1269143521785736,0.14298687875270844,-0.06273210793733597,0.21618881821632385,0.013235067017376423,0.08663300424814224,-0.058792002499103546,0.05171684920787811,-0.03712756186723709,0.43114686012268066,0.07065127789974213,0.6013519763946533,-0.02702333591878414,0.05202752724289894,0.010717619210481644,0.1359606236219406,0.19222065806388855,0.21881209313869476,0.3370700776576996,0.2059878408908844,0.5006145238876343,-0.020228855311870575,0.23452378809452057,0.09238705784082413,-0.13337093591690063,-0.0783659890294075,0.06477130204439163,-0.0016888761892914772,0.05439331755042076,0.2899777889251709,0.11019937694072723,0.08802483975887299,0.3226992189884186,0.21661913394927979,0.47182780504226685,0.4014136493206024,0.5052199363708496,-0.0071447789669036865,0.014907712116837502,0.19195520877838135,0.21953745186328888,-0.0011672360124066472,0.06367988139390945,0.10433082282543182,0.45066794753074646,0.5840734839439392,0.4859764873981476,0.5474943518638611,0.46490469574928284,0.5120562314987183,0.5252211689949036,0.40008217096328735,0.5927590131759644,0.30370089411735535,0.09063179045915604,0.1773490607738495,0.10773508995771408,0.21502630412578583,0.14851760864257812,0.020742839202284813,0.39381036162376404,0.1898203194141388,0.1418100893497467,0.15057072043418884,0.23730386793613434,0.13421951234340668,0.16478188335895538,0.28942379355430603,0.20507487654685974,0.2661602795124054,0.13885198533535004,0.18429739773273468,0.203206405043602,0.29907897114753723,0.24402838945388794,0.2684687077999115,0.19320788979530334,0.21202318370342255,0.24247774481773376,0.23541444540023804,0.3461892306804657,0.31351760029792786,0.25142189860343933,0.2917960286140442,0.3298446536064148,0.3747120201587677,0.2259625494480133,0.20167553424835205,0.28854143619537354,0.39346060156822205,0.38849639892578125,0.23448888957500458,0.24253006279468536,0.36759769916534424,0.4222099184989929,0.2563874125480652,0.23058928549289703,0.35088080167770386,0.27965235710144043,0.2709512710571289,0.15080668032169342,0.13858187198638916
Al Imran,0.44620007276535034,0.658912181854248,0.0,0.6722332239151001,0.6282464265823364,0.12408774346113205,-0.00531621091067791,0.6793357133865356,0.6853067874908447,0.14970751106739044,0.1291082352399826,0.12732739746570587,0.2727349102497101,0.3058781325817108,0.046105071902275085,0.3237747848033905,0.05214869976043701,0.03971907123923302,0.11873773485422134,-0.012308113276958466,-0.019583728164434433,0.40626639127731323,0.16334465146064758,0.6293315291404724,0.0799044519662857,0.03825879842042923,0.08589591085910797,0.23912976682186127,0.358686625957489,0.32274138927459717,0.39228227734565735,0.34995386004447937,0.6629358530044556,0.22633066773414612,0.38408300280570984,0.10264715552330017,0.045849017798900604,0.05199340358376503,0.32080212235450745,0.2559625506401062,0.22435115277767181,0.47908538579940796,0.2599228024482727,0.17503157258033752,0.4229917824268341,0.3700924813747406,0.5928817391395569,0.6156869530677795,0.6352753043174744,0.104098379611969,0.09830118715763092,0.2310015857219696,0.35150033235549927,0.01674048975110054,0.05154512822628021,0.09438600391149521,0.6509988307952881,0.6854929327964783,0.671469509601593,0.685401439666748,0.6293001174926758,0.5829302668571472,0.6641415953636169,0.6081435680389404,0.6373006105422974,0.5533633232116699,0.22651886940002441,0.22211943566799164,0.13401910662651062,0.34042829275131226,0.27505695819854736,0.22985517978668213,0.41445067524909973,0.31647881865501404,0.19476188719272614,0.18379822373390198,0.19732868671417236,0.18086327612400055,0.20088951289653778,0.3577076196670532,0.24254047870635986,0.3144955635070801,0.1919529139995575,0.3037779629230499,0.3646796643733978,0.3209621012210846,0.3138953149318695,0.37988153100013733,0.23727594316005707,0.3195614516735077,0.2762690782546997,0.37818828225135803,0.4167003631591797,0.36258646845817566,0.3677314519882202,0.38647422194480896,0.34957262873649597,0.5332563519477844,0.24221548438072205,0.29599499702453613,0.38478171825408936,0.47377684712409973,0.42218101024627686,0.3638213276863098,0.3076641857624054,0.4648328423500061,0.5223418474197388,0.35595929622650146,0.3459182381629944,0.4982132315635681,0.4173925220966339,0.4411916136741638,0.21801814436912537,0.33856916427612305
An-Nisa,0.43285611271858215,0.580407977104187,0.6722332239151001,0.0,0.6481147408485413,0.022067734971642494,-0.14425282180309296,0.6918943524360657,0.7013565301895142,-0.060020238161087036,-0.10560111701488495,-0.025099463760852814,0.2846779525279999,0.15510821342468262,-0.004524413496255875,0.3085139989852905,0.24898459017276764,0.06667418032884598,0.03492681309580803,-0.09540263563394547,-0.09219509363174438,0.3808310627937317,0.09769871830940247,0.7802783250808716,0.19249385595321655,-0.11984927207231522,-0.09289949387311935,-0.0050845276564359665,0.1658613085746765,0.2893102169036865,0.3201443552970886,0.16857291758060455,0.8039500713348389,0.15729175508022308,0.4846780002117157,0.11904560029506683,-0.05808093771338463,-0.07594150304794312,0.215175062417984,0.036950141191482544,0.08672772347927094,0.5464667081832886,0.13609440624713898,0.09848406910896301,0.24845735728740692,0.18922440707683563,0.5712978839874268,0.7310420870780945,0.6953004598617554,0.04434075206518173,0.0056096212938427925,0.24725541472434998,0.3160319924354553,-0.06684348732233047,0.0713084414601326,0.08351726084947586,0.5831078886985779,0.8037151098251343,0.6918825507164001,0.7887402772903442,0.5322844982147217,0.5179319381713867,0.5876953601837158,0.49428772926330566,0.6879168152809143,0.4401405453681946,0.12539370357990265,0.06975582242012024,0.009496176615357399,0.3855128884315491,0.24083003401756287,0.19846464693546295,0.36904123425483704,0.2614419460296631,0.18169505894184113,0.308750182390213,0.15532995760440826,0.21570050716400146,0.17229795455932617,0.3487124741077423,0.2083142101764679,0.2997719645500183,0.04207096993923187,0.15600013732910156,0.30954957008361816,0.37348151206970215,0.2688803970813751,0.3374934792518616,0.13287833333015442,0.3205040395259857,0.28205811977386475,0.286853551864624,0.433513879776001,0.3858491778373718,0.19884665310382843,0.39785662293434143,0.25164833664894104,0.3431810438632965,0.20706455409526825,0.2551852762699127,0.2842417061328888,0.29809460043907166,0.3472682535648346,0.2625713050365448,0.2627537250518799,0.4343545436859131,0.4680812358856201,0.3090750277042389,0.20315171778202057,0.36895084381103516,0.37784403562545776,0.45098140835762024,0.22343076765537262,0.326739102602005
Al-Maidah,0.45213401317596436,0.6243919134140015,0.6282464265823364,0.6481147408485413,0.0,0.19588816165924072,0.12964005768299103,0.6074364185333252,0.6339088678359985,0.14521050453186035,0.09615068882703781,0.06676867604255676,0.2292933166027069,0.2832927703857422,0.100400909781456,0.43592262268066406,0.010046598501503468,0.07205017656087875,-0.003628337290138006,0.11367952078580856,0.024595744907855988,0.5474462509155273,0.22562022507190704,0.6835379004478455,0.15046201646327972,0.18591099977493286,0.09655850380659103,0.21095123887062073,0.2414168119430542,0.3464164435863495,0.35214418172836304,0.2839745879173279,0.6166002154350281,0.07387535274028778,0.3286992609500885,0.1353141963481903,-0.01680678129196167,-0.05842836573719978,0.18331846594810486,0.1119920089840889,0.18500712513923645,0.42338111996650696,0.24047312140464783,0.11418655514717102,0.32448023557662964,0.40936389565467834,0.6234096884727478,0.5659803152084351,0.656120240688324,0.08296868950128555,0.23732346296310425,0.3036876618862152,0.3233169615268707,0.08980514109134674,0.17413385212421417,0.15596126019954681,0.5122776627540588,0.7266199588775635,0.666924238204956,0.7281129956245422,0.6032318472862244,0.6866868734359741,0.6599602103233337,0.4962582588195801,0.5590530633926392,0.48904186487197876,0.1492311954498291,0.2254432588815689,0.21536776423454285,0.3810957670211792,0.24416092038154602,0.23406752943992615,0.4401172399520874,0.35268911719322205,0.19722558557987213,0.22914405167102814,0.41395655274391174,0.20881971716880798,0.15728642046451569,0.36884328722953796,0.2889045774936676,0.35457155108451843,0.21487368643283844,0.22065675258636475,0.3320142328739166,0.38101309537887573,0.3354353904724121,0.38080716133117676,0.25636500120162964,0.3697558343410492,0.40306004881858826,0.23698565363883972,0.45866551995277405,0.31697869300842285,0.3596307933330536,0.38706815242767334,0.3082696497440338,0.48266443610191345,0.2717839479446411,0.32195281982421875,0.35935986042022705,0.45836877822875977,0.47388163208961487,0.3091668486595154,0.4135580360889435,0.5608950853347778,0.5662432909011841,0.29550325870513916,0.4088214933872223,0.49009883403778076,0.3764861524105072,0.32959747314453125,0.36934900283813477,0.32727476954460144
Al-Anam,0.5357093214988708,0.053678158670663834,0.12408774346113205,0.022067734971642494,0.19588816165924072,0.0,0.5452718734741211,0.12457814812660217,-0.027156328782439232,0.7465094923973083,0.4517223536968231,0.26456981897354126,0.6210498213768005,0.38290834426879883,0.2820969521999359,0.6499465703964233,0.4262746572494507,0.37165144085884094,0.2505325376987457,0.29966995120048523,0.5482847690582275,0.37852048873901367,0.6533408761024475,0.20391935110092163,0.5379273891448975,0.32050320506095886,0.3632376790046692,0.28379085659980774,0.517639696598053,0.5351885557174683,0.49549394845962524,0.5325748920440674,-0.08296381682157516,0.5191944241523743,0.3921775817871094,0.5042571425437927,0.31612151861190796,0.21588626503944397,0.5206178426742554,0.5388134121894836,0.510380208492279,0.5063952803611755,0.5452481508255005,0.3276553750038147,0.5906371474266052,0.5348307490348816,0.34352394938468933,0.07573201507329941,0.28536003828048706,0.44891712069511414,0.4155350625514984,0.5729670524597168,0.39971473813056946,0.40048855543136597,0.3823851943016052,0.45469826459884644,0.13352854549884796,0.2647925317287445,0.20700742304325104,0.2712782323360443,0.26661086082458496,0.4289882183074951,0.2954387962818146,0.289033979177475,0.1649453341960907,0.12879836559295654,0.5547952651977539,0.44792860746383667,0.42900460958480835,0.3373155891895294,0.3079366385936737,0.5085737109184265,0.40067175030708313,0.44745710492134094,0.33055493235588074,0.16901002824306488,0.3631235659122467,0.39569926261901855,0.32168424129486084,0.3733413815498352,0.34373435378074646,0.4070247709751129,0.3500695824623108,0.37632808089256287,0.29293006658554077,0.4318544268608093,0.3930780291557312,0.49387475848197937,0.400068461894989,0.3972092270851135,0.33498415350914,0.27831774950027466,0.5287449359893799,0.4314727187156677,0.45281508564949036,0.3803549110889435,0.21809200942516327,0.4079166352748871,0.4653558135032654,0.3670307993888855,0.3824937641620636,0.5111780762672424,0.41600170731544495,0.35444071888923645,0.46188342571258545,0.40902388095855713,0.3649570941925049,0.27402427792549133,0.42958512902259827,0.28449776768684387,0.307038813829422,0.44408413767814636,0.4742279350757599,0.41753286123275757
Al-Araf,0.5522111654281616,0.028126444667577744,-0.00531621091067791,-0.14425282180309296,0.12964005768299103,0.5452718734741211,0.0,0.08398772031068802,-0.18201413750648499,0.6593117713928223,0.7460505366325378,0.5666092038154602,0.32570183277130127,0.5004264116287231,0.5864707231521606,0.4461400806903839,0.29540956020355225,0.5304166674613953,0.3601454496383667,0.6456183195114136,0.6401753425598145,0.22348544001579285,0.703296959400177,-0.07163719087839127,0.34287261962890625,0.7754576206207275,0.6754900217056274,0.7030739188194275,0.6326746940612793,0.42478761076927185,0.3399462401866913,0.5316414833068848,-0.13522391021251678,0.3290696144104004,0.14817489683628082,0.5902487635612488,0.5236765742301941,0.5011721849441528,0.3276935815811157,0.5857518315315247,0.5664491057395935,0.20879921317100525,0.5717434287071228,0.5640469789505005,0.4445115029811859,0.6394293904304504,0.18760471045970917,0.05151718854904175,0.1808859407901764,0.44985929131507874,0.7066190838813782,0.41164544224739075,0.17126646637916565,0.6011670231819153,0.4476828873157501,0.44647619128227234,0.1067790538072586,0.15596532821655273,0.21990500390529633,0.22542767226696014,0.31633663177490234,0.318058580160141,0.29982832074165344,0.3234838843345642,0.22641102969646454,0.35088402032852173,0.48985809087753296,0.6442616581916809,0.5142846703529358,0.30266085267066956,0.5534823536872864,0.4117681086063385,0.2959480583667755,0.2201898843050003,0.3024149537086487,0.36152908205986023,0.4396684467792511,0.42266079783439636,0.3956206440925598,0.43751806020736694,0.3571379780769348,0.4134221374988556,0.3626355826854706,0.4726797938346863,0.39214691519737244,0.33332428336143494,0.3868139386177063,0.428128182888031,0.5447466969490051,0.4098065197467804,0.4995676279067993,0.3353614807128906,0.44273841381073,0.46872270107269287,0.536465585231781,0.29263898730278015,0.10355180501937866,0.39274725317955017,0.3973662257194519,0.3583252429962158,0.33116281032562256,0.5126941800117493,0.33079493045806885,0.4046095907688141,0.5675815343856812,0.4111699163913727,0.2603914737701416,0.3361221253871918,0.3990180492401123,0.3730868995189667,0.42701786756515503,0.2741009294986725,0.4641612470149994,0.4250752627849579
Al-Anfal,0.4449966847896576,0.5461986660957336,0.6793357133865356,0.6918943524360657,0.6074364185333252,0.12457814812660217,0.08398772031068802,0.0,0.7966809868812561,0.22683529555797577,0.13201488554477692,0.1317279189825058,0.4186564087867737,0.4371165931224823,0.19581998884677887,0.5037266612052917,0.17724135518074036,0.13563960790634155,-0.025098271667957306,0.06880610436201096,0.05098041519522667,0.6491262316703796,0.31037577986717224,0.6822993159294128,0.18026036024093628,0.18482606112957,0.20314055681228638,0.2866487503051758,0.4295392632484436,0.5931355357170105,0.45546066761016846,0.4954735040664673,0.6748073697090149,0.32211852073669434,0.5565917491912842,0.32799652218818665,0.13433685898780823,0.09638520330190659,0.4013517200946808,0.34141209721565247,0.46230506896972656,0.4959634840488434,0.22948642075061798,0.3275921940803528,0.5524745583534241,0.3867205083370209,0.6791589260101318,0.746622622013092,0.7311928272247314,0.26981666684150696,0.2322615385055542,0.34000247716903687,0.33409106731414795,0.19506871700286865,0.15457451343536377,0.20687663555145264,0.7026749849319458,0.7338772416114807,0.8689283132553101,0.6643288731575012,0.6969322562217712,0.6879135966300964,0.8059349060058594,0.6837450265884399,0.6959756016731262,0.47605612874031067,0.38058537244796753,0.30499720573425293,0.24913373589515686,0.49389463663101196,0.35847803950309753,0.2825687825679779,0.5784175395965576,0.493727445602417,0.33288171887397766,0.40159928798675537,0.3897700309753418,0.31697869300842285,0.4145994484424591,0.45958712697029114,0.3572419583797455,0.5183746814727783,0.3700064718723297,0.4363722801208496,0.5032274127006531,0.5300999283790588,0.4258413016796112,0.48177260160446167,0.40748080611228943,0.3984881043434143,0.39857974648475647,0.4197409749031067,0.4883577525615692,0.5456441044807434,0.4179568588733673,0.44819480180740356,0.37730205059051514,0.6164007782936096,0.35608696937561035,0.5219878554344177,0.5252460837364197,0.5794475674629211,0.4563288688659668,0.5480839014053345,0.4469330310821533,0.5793039202690125,0.5876961350440979,0.40662410855293274,0.3807453513145447,0.6293007731437683,0.433228999376297,0.4287537932395935,0.3970279097557068,0.43940696120262146
At-Tawbah,0.3073422312736511,0.535232424736023,0.6853067874908447,0.7013565301895142,0.6339088678359985,-0.027156328782439232,-0.18201413750648499,0.7966809868812561,0.0,-0.008330341428518295,-0.07378049939870834,-0.1441887766122818,0.34261441230773926,0.21735940873622894,-0.04001623019576073,0.3575052320957184,-0.0425855852663517,-0.02741091325879097,-0.09412270039319992,-0.16494445502758026,-0.12654824554920197,0.46755045652389526,0.06500214338302612,0.6781877875328064,0.1195518895983696,-0.13338269293308258,-0.04933416098356247,0.061462875455617905,0.16903841495513916,0.38422271609306335,0.21479414403438568,0.26253458857536316,0.7212371826171875,0.1625213921070099,0.4284937083721161,0.08746810257434845,0.012514694593846798,-0.10136625170707703,0.307254821062088,0.11774958670139313,0.2045191526412964,0.3813975751399994,0.00443337531760335,0.06711354851722717,0.37723615765571594,0.25740283727645874,0.7409150004386902,0.7822957038879395,0.6407728791236877,0.13604915142059326,0.021544696763157845,0.286460280418396,0.29795417189598083,-0.05559629946947098,-0.05190350487828255,0.04471490532159805,0.664179265499115,0.7334056496620178,0.7756327986717224,0.6109092831611633,0.5772722959518433,0.5727375149726868,0.692425549030304,0.5651178359985352,0.5965325236320496,0.3925288915634155,0.178630530834198,0.13734090328216553,0.10111325234174728,0.4550551176071167,0.11634118109941483,0.15189851820468903,0.39761626720428467,0.43437641859054565,0.2506179213523865,0.3120514452457428,0.2397380918264389,0.19314293563365936,0.2410709261894226,0.33120453357696533,0.19516444206237793,0.3374127745628357,0.2778227627277374,0.2675047218799591,0.38582536578178406,0.3403882384300232,0.2659779489040375,0.39358699321746826,0.16501779854297638,0.3259905278682709,0.25810930132865906,0.2714552879333496,0.29134827852249146,0.29605743288993835,0.22683601081371307,0.35276922583580017,0.3044912815093994,0.5411224365234375,0.2125234454870224,0.35361427068710327,0.416642963886261,0.3835202157497406,0.40042513608932495,0.4247996211051941,0.2615066170692444,0.45742514729499817,0.5350377559661865,0.38750627636909485,0.30916836857795715,0.45597556233406067,0.3207329511642456,0.3162868916988373,0.20450079441070557,0.2355138510465622
Yunus,0.6659173965454102,0.020138781517744064,0.14970751106739044,-0.060020238161087036,0.14521050453186035,0.7465094923973083,0.6593117713928223,0.22683529555797577,-0.008330341428518295,0.0,0.670352041721344,0.271657794713974,0.5435637831687927,0.5966700315475464,0.40210720896720886,0.576569676399231,0.40183255076408386,0.41111981868743896,0.2801099419593811,0.5624642372131348,0.5838814973831177,0.3913291394710541,0.6914252638816833,0.058974988758563995,0.5424062013626099,0.5590165257453918,0.5021718144416809,0.5479589104652405,0.7086180448532104,0.6075645685195923,0.5284020900726318,0.6877704858779907,-0.10732287168502808,0.5855879783630371,0.45298370718955994,0.5943648815155029,0.4189315438270569,0.36675187945365906,0.5816546678543091,0.8039190173149109,0.7492131590843201,0.49230167269706726,0.6428158283233643,0.5291932225227356,0.7213777899742126,0.7345784306526184,0.36405816674232483,0.11870945245027542,0.32317978143692017,0.5807464718818665,0.5821932554244995,0.5195875763893127,0.2705073952674866,0.5309038162231445,0.41121405363082886,0.49333035945892334,0.2884930670261383,0.1785988062620163,0.28588131070137024,0.3095138967037201,0.43501442670822144,0.37281280755996704,0.3649643361568451,0.4918016195297241,0.19969820976257324,0.23618216812610626,0.6635864973068237,0.5508022904396057,0.5548607707023621,0.41379284858703613,0.5234522223472595,0.6131421327590942,0.44253045320510864,0.559664249420166,0.48178234696388245,0.26227203011512756,0.4628613293170929,0.44706422090530396,0.45193833112716675,0.44540098309516907,0.3579072058200836,0.4832095205783844,0.473708838224411,0.5984950661659241,0.427257776260376,0.4154287278652191,0.4889048635959625,0.5580340027809143,0.5025660991668701,0.41846802830696106,0.34253987669944763,0.4440098702907562,0.5318998694419861,0.5083604454994202,0.5680848360061646,0.4047148525714874,0.20763324201107025,0.4848759174346924,0.48970291018486023,0.44932153820991516,0.4969238042831421,0.6317797303199768,0.375779390335083,0.5574542880058289,0.4549049139022827,0.38177821040153503,0.3027554452419281,0.3785375952720642,0.5768524408340454,0.43355000019073486,0.3582881987094879,0.457086443901062,0.44578588008880615,0.46316710114479065
Hud,0.5713487267494202,-0.0142912482842803,0.1291082352399826,-0.10560111701488495,0.09615068882703781,0.4517223536968231,0.7460505366325378,0.13201488554477692,-0.07378049939870834,0.670352041721344,0.0,0.5336282849311829,0.3272252678871155,0.5650282502174377,0.6437399983406067,0.31336480379104614,0.2883179187774658,0.46953412890434265,0.3918478786945343,0.614547610282898,0.5279793739318848,0.21577101945877075,0.6603590250015259,0.024258645251393318,0.33634069561958313,0.7620531916618347,0.6452133655548096,0.6102770566940308,0.6605549454689026,0.33147311210632324,0.364510715007782,0.5682510137557983,0.006309079006314278,0.46318280696868896,0.26630455255508423,0.4971592426300049,0.6187744140625,0.6016309261322021,0.37677106261253357,0.6394825577735901,0.6616429090499878,0.299772709608078,0.5931977033615112,0.6458991169929504,0.4997222423553467,0.7250739336013794,0.15639369189739227,0.11679010093212128,0.16668307781219482,0.574865460395813,0.7795330882072449,0.4336835741996765,0.2947416305541992,0.6898541450500488,0.44594407081604004,0.4070320129394531,0.13837109506130219,0.16503597795963287,0.27870434522628784,0.3038788437843323,0.3895960748195648,0.3198849558830261,0.34373438358306885,0.42474257946014404,0.2633223533630371,0.40591466426849365,0.540829598903656,0.6068843007087708,0.5538601875305176,0.35393989086151123,0.6429280638694763,0.5291468501091003,0.30078569054603577,0.3067764937877655,0.38896864652633667,0.34908729791641235,0.40807822346687317,0.3702027201652527,0.4470263421535492,0.45039865374565125,0.4055637717247009,0.40884068608283997,0.36523640155792236,0.5345466732978821,0.5027710199356079,0.38112103939056396,0.36431872844696045,0.4439983367919922,0.5314823389053345,0.4186764359474182,0.48484358191490173,0.3680284023284912,0.3953935205936432,0.519187331199646,0.5590012073516846,0.3639627695083618,0.21498315036296844,0.4623255133628845,0.3647512197494507,0.363176554441452,0.37333598732948303,0.4900550842285156,0.2772054970264435,0.40059593319892883,0.5308005213737488,0.3895285725593567,0.2574028968811035,0.34679561853408813,0.4521167278289795,0.49798116087913513,0.4602554738521576,0.40575364232063293,0.5030196905136108,0.4498519003391266
Yusuf,0.30808135867118835,0.09218928962945938,0.12732739746570587,-0.025099463760852814,0.06676867604255676,0.26456981897354126,0.5666092038154602,0.1317279189825058,-0.1441887766122818,0.271657794713974,0.5336282849311829,0.0,0.11562934517860413,0.3550225496292114,0.38742756843566895,0.20559966564178467,0.22771978378295898,0.48389768600463867,0.45273688435554504,0.5151112079620361,0.410645067691803,0.08702193945646286,0.4474465847015381,0.017808880656957626,0.09366128593683243,0.604400634765625,0.7099859714508057,0.6203837394714355,0.3151859939098358,0.19110728800296783,0.29216304421424866,0.3452572822570801,0.06530919671058655,0.25760984420776367,0.1431555300951004,0.4604608416557312,0.42370688915252686,0.6195201277732849,0.20998424291610718,0.39908504486083984,0.30488377809524536,0.14368346333503723,0.4466579258441925,0.39962518215179443,0.23952457308769226,0.38002443313598633,0.028086965903639793,0.06405825912952423,0.24798829853534698,0.32747066020965576,0.4414302408695221,0.23171047866344452,0.37793752551078796,0.4781050682067871,0.3066357970237732,0.19510658085346222,0.030381135642528534,0.20493412017822266,0.17228320240974426,0.1502707302570343,0.3127434253692627,0.22506722807884216,0.273649662733078,0.29652300477027893,0.3655812442302704,0.44129934906959534,0.338657945394516,0.48320379853248596,0.3469659388065338,0.11450837552547455,0.5327211022377014,0.16916882991790771,0.16725650429725647,0.1290416419506073,0.3074475824832916,0.22023670375347137,0.19525659084320068,0.27843037247657776,0.30407193303108215,0.40458202362060547,0.36516717076301575,0.36628490686416626,0.2203950434923172,0.4171857237815857,0.37695497274398804,0.3353606164455414,0.3077063262462616,0.22394388914108276,0.4998277425765991,0.25462856888771057,0.4628434181213379,0.3712214231491089,0.2965865433216095,0.407937616109848,0.4642658531665802,0.3713821470737457,0.22190047800540924,0.18104934692382812,0.3383089303970337,0.3284012973308563,0.20177404582500458,0.3773524761199951,0.3086552917957306,0.3048599362373352,0.4537805914878845,0.29203367233276367,0.1426946520805359,0.16351255774497986,0.1621330976486206,0.3401203751564026,0.36811068654060364,0.33129212260246277,0.3696718215942383,0.4326778054237366
Ar-Rad,0.6170791983604431,0.1269143521785736,0.2727349102497101,0.2846779525279999,0.2292933166027069,0.6210498213768005,0.32570183277130127,0.4186564087867737,0.34261441230773926,0.5435637831687927,0.3272252678871155,0.11562934517860413,0.0,0.5511347055435181,0.40135684609413147,0.6712073087692261,0.48880502581596375,0.408621221780777,0.36506158113479614,0.32842233777046204,0.38314223289489746,0.6335306763648987,0.6591806411743164,0.4756505489349365,0.7077198028564453,0.24977003037929535,0.467990905046463,0.25097906589508057,0.5817984938621521,0.7321867346763611,0.6964622735977173,0.7432457208633423,0.23759153485298157,0.7114251255989075,0.7420960068702698,0.6041980981826782,0.4247189164161682,0.38853374123573303,0.7976138591766357,0.6428335905075073,0.7107635140419006,0.6897042989730835,0.4029063582420349,0.6033445596694946,0.7288975715637207,0.50790935754776,0.6147902011871338,0.48479992151260376,0.39923062920570374,0.683780312538147,0.49350178241729736,0.7492986917495728,0.6425564289093018,0.42137768864631653,0.5534531474113464,0.6432929039001465,0.5538327693939209,0.5064981579780579,0.5814018249511719,0.34663981199264526,0.5312016606330872,0.5952481031417847,0.5510770082473755,0.6484076976776123,0.5320919752120972,0.3230869472026825,0.7928046584129333,0.45109421014785767,0.5920290350914001,0.7167035341262817,0.47195306420326233,0.5936058759689331,0.6351743936538696,0.7056185603141785,0.5521015524864197,0.5913068056106567,0.5499706268310547,0.7512051463127136,0.6669294238090515,0.6830621957778931,0.6053397059440613,0.7349156737327576,0.5696665644645691,0.6512397527694702,0.6770530343055725,0.7391827702522278,0.6890358328819275,0.8046210408210754,0.6217825412750244,0.6918472647666931,0.5380752086639404,0.621166467666626,0.6390423774719238,0.6517371535301208,0.7154375910758972,0.6378833055496216,0.538214921951294,0.6922163367271423,0.7503841519355774,0.6835497617721558,0.8024143576622009,0.6813045740127563,0.6419150233268738,0.7362575531005859,0.6345437169075012,0.5636782646179199,0.6720827221870422,0.561273992061615,0.520397424697876,0.5263991355895996,0.5985652208328247,0.7250029444694519,0.612714409828186,0.6053450107574463
Ibrahim,0.6756769418716431,0.14298687875270844,0.3058781325817108,0.15510821342468262,0.2832927703857422,0.38290834426879883,0.5004264116287231,0.4371165931224823,0.21735940873622894,0.5966700315475464,0.5650282502174377,0.3550225496292114,0.5511347055435181,0.0,0.5429535508155823,0.5771700739860535,0.4567754864692688,0.5717726945877075,0.47941818833351135,0.6413741707801819,0.4847412705421448,0.6136388182640076,0.5704727172851562,0.2858574390411377,0.4850536286830902,0.5436490774154663,0.5971214771270752,0.5544314980506897,0.49690088629722595,0.7158799171447754,0.6718732118606567,0.7558721303939819,0.3312016427516937,0.645268976688385,0.6149745583534241,0.5817708373069763,0.5507723689079285,0.5795640349388123,0.6247544288635254,0.7553078532218933,0.6760075688362122,0.5256813168525696,0.5289446711540222,0.7037379741668701,0.6734699010848999,0.6636409759521484,0.4672859311103821,0.5269239544868469,0.38189905881881714,0.6435438394546509,0.6309599280357361,0.6068621873855591,0.4869200587272644,0.5645443201065063,0.7131173610687256,0.5267099738121033,0.5620520710945129,0.40121200680732727,0.4862876832485199,0.39821305871009827,0.6473195552825928,0.5953691601753235,0.5769069790840149,0.7254295945167542,0.5606672167778015,0.5766960978507996,0.623471200466156,0.6107873916625977,0.6656413078308105,0.6431441903114319,0.7811304926872253,0.6856682896614075,0.6285219788551331,0.6217429637908936,0.6634253263473511,0.6145365238189697,0.6305316686630249,0.7044159770011902,0.6683260202407837,0.66543048620224,0.6491420269012451,0.6431174874305725,0.5228821635246277,0.7336933016777039,0.6930308938026428,0.6467287540435791,0.7101747393608093,0.7473558783531189,0.7283459901809692,0.6418981552124023,0.5291659832000732,0.5690763592720032,0.7046098709106445,0.7773752808570862,0.6695993542671204,0.6380795836448669,0.5585578083992004,0.641070544719696,0.5801998376846313,0.6967395544052124,0.6874783039093018,0.655717670917511,0.5375882387161255,0.7346441149711609,0.6745436191558838,0.6547700762748718,0.4654451012611389,0.6356735229492188,0.5970911979675293,0.6701531410217285,0.6937875747680664,0.5800722241401672,0.5707417726516724,0.6568976640701294
Al-Hijr,0.5865331888198853,-0.06273210793733597,0.046105071902275085,-0.004524413496255875,0.100400909781456,0.2820969521999359,0.5864707231521606,0.19581998884677887,-0.04001623019576073,0.40210720896720886,0.6437399983406067,0.38742756843566895,0.40135684609413147,0.5429535508155823,0.0,0.20354624092578888,0.5004492998123169,0.5585801005363464,0.6484914422035217,0.5386053919792175,0.6861478090286255,0.287352591753006,0.6152620911598206,0.03678097948431969,0.5427330136299133,0.7302663326263428,0.6733577847480774,0.5035055875778198,0.5236033201217651,0.3847087323665619,0.3672475218772888,0.6712892055511475,0.06739597767591476,0.611165463924408,0.3803709149360657,0.684558629989624,0.7934454679489136,0.7052818536758423,0.35460764169692993,0.45877745747566223,0.6405032277107239,0.18720503151416779,0.6868671178817749,0.7595148086547852,0.4415440261363983,0.6198657155036926,0.08431588858366013,0.23076187074184418,0.19488079845905304,0.7268186211585999,0.8003252148628235,0.4728492796421051,0.36713942885398865,0.7455384135246277,0.5611386895179749,0.6112751960754395,0.21463993191719055,0.19427044689655304,0.3201300799846649,0.1575089544057846,0.45194852352142334,0.4350428283214569,0.3898003101348877,0.3724933862686157,0.26741600036621094,0.420425146818161,0.6133054494857788,0.6911964416503906,0.6921448111534119,0.4987597167491913,0.6242654919624329,0.5436388254165649,0.34332188963890076,0.37027060985565186,0.483293354511261,0.5329084992408752,0.7096949815750122,0.5935229659080505,0.5846112370491028,0.5419568419456482,0.6335189938545227,0.6148160099983215,0.4693654775619507,0.5637185573577881,0.5924549102783203,0.5545229315757751,0.5540323853492737,0.5723655819892883,0.5347306132316589,0.5336416363716125,0.5190867185592651,0.38174575567245483,0.49857190251350403,0.5757984519004822,0.6664510369300842,0.4884320795536041,0.407390296459198,0.46569472551345825,0.47628462314605713,0.5381491184234619,0.5583353638648987,0.5450746417045593,0.4492678642272949,0.5342003703117371,0.7062233686447144,0.43268194794654846,0.5072797536849976,0.37562066316604614,0.5631735324859619,0.5488832592964172,0.588445782661438,0.48068398237228394,0.4616335928440094,0.40216493606567383
