Books,Al-Fatiha,Al-Baqarah,Al Imran,An-Nisa,Al-Maidah,Al-Anam,Al-Araf,Al-Anfal,At-Tawbah,Yunus,Hud,Yusuf,Ar-Rad,Ibrahim,Al-Hijr,An-Nahl,Al-Isra,Al-Kahf,Maryam,Ta-Ha,Al-Anbiya,Al-Hajj,Al-Muminun,An-Nur,Al-Furqan,Ash-Shuara,An-Naml,Al-Qasas,Al-Ankabut,Ar-Rum,Luqmaan,As-Sajda,Al-Ahzaab,Saba (surah),Faatir,Yaseen,As-Saaffaat,Saad,Az-Zumar,Ghafir,Fussilat,Ash_Shooraa,Az-Zukhruf,Ad-Dukhaan,Al-Jaathiyah,Al-Ahqaaf,Muhammad,Al-Fath,Al-Hujuraat,Qaaf,Adh-Dhaariyaat,At-Toor,An-Najm,Al-Qamar,Ar-Rahman,Al-Waqia,Al-Hadeed,Al-Mujadila,Al-Hashr,Al-Mumtahanah,As-Saff,Al-Jumuah,Al-Munafiqoon,At-Taghabun,At-Talaq,At-Tahreem,Al-Mulk,Al-Qalam,Al-Haaqqa,Al-Maaarij,Nooh,Al-Jinn,Al-Muzzammil,Al-Muddaththir,Al-Qiyamah,Al-Insaan,Al-Mursalaat,An-Naba,An-Naaziaat,Abasa,At-Takweer,Al-Infitar,Al-Mutaffifeen,Al-Inshiqaaq,Al-Burooj,At-Taariq,Al-Alaa,Al-Ghaashiyah,Al-Fajr,Al-Balad,Ash-Shams,Al-Layl,Ad-Dhuha,Ash-Sharh,At-Teen,Al-Alaq,Al-Qadr,Al-Bayyinahh,Az-Zalzalah,Al-Aadiyaat,Al-Qaariah,At-Takaathur,Al-Asr,Al-Humazah,Al-Feel,Quraysh,Al-Maaoon,Al-Kawthar,Al-Kaafiroon,An-Nasr,Al-Masad,Al-Ikhlaas,Al-Falaq,Al-Naas
Book document vector lengths,0.8720081,10.673194,8.620462,16.13404,9.910669,9.407518,9.955632,8.703321,13.861439,7.8642583,8.035824,13.292713,6.929824,5.668753,6.986427,7.3426075,7.2673435,8.817649,7.886891,9.092764,7.632659,7.0849934,6.7128096,9.97346,6.0537043,10.1832285,7.3275156,7.887855,6.344718,6.87789,5.9084163,5.4691305,11.5699215,6.4106293,6.265037,5.821773,8.120504,7.3089657,7.794867,6.7426176,5.6541257,7.0826125,5.884607,5.2690287,5.7192144,5.9481506,6.781026,7.0927224,5.26078,5.404028,4.226584,5.7228074,5.1457405,6.576837,9.895272,7.373158,7.009274,6.313615,5.435845,5.4894505,4.3066335,3.3387866,3.2402987,4.614793,4.421781,4.043957,4.3924227,5.0356283,4.8384914,4.6769333,3.9951432,4.283557,4.2028995,4.484294,4.5023255,4.802663,5.356287,4.201759,4.209472,3.8972428,3.64563,2.496266,3.6294873,2.4537632,2.6908267,2.719281,2.2331054,3.05954,3.2567554,2.0729628,1.9166913,2.5285137,1.308676,1.237735,1.0924019,2.321193,0.92831963,2.5443082,1.2718596,1.8400129,1.3058605,1.1197644,0.54542774,1.6365204,1.2151982,0.9524637,0.9834281,0.5187598,0.97995806,0.8126527,1.3858949,0.49748272,0.8470636,0.86400974
Book sum of word vector lengths,597.0185985565186,85809.07327368855,49866.95479607582,49438.466311365366,39517.142980605364,45089.74376551807,49863.32713228464,17011.929633438587,35605.320434361696,26704.152119725943,28999.908061921597,25139.984276652336,12012.16341650486,12242.288606107235,9707.547052443027,26405.414036542177,22115.95355093479,23612.576098948717,14559.313563376665,20154.09952661395,17246.987704247236,16981.39691245556,15619.784319728613,17924.923339754343,13109.44594475627,20026.245491445065,16610.978377491236,20948.171002417803,14502.52400225401,11680.747585430741,7245.726634681225,5492.761348992586,17268.070442527533,12541.116510868073,10601.123340785503,10970.202341347933,12916.507403492928,10321.130237936974,17445.03690508008,17887.980706840754,11766.890221357346,12023.38804718852,12763.278101831675,4868.813156366348,7736.622558027506,9549.305359452963,8200.314222931862,7798.397781312466,4828.54104924202,5038.475746244192,4961.947889119387,4611.160129606724,5221.804687321186,5025.356360435486,5686.822868347168,5084.318815946579,8883.909106522799,6798.916268974543,6653.042633354664,4857.220847755671,3036.7668117284775,2313.9378264546394,2760.0642477869987,3934.778875410557,3798.7745131254196,3482.0449643731117,4803.383705347776,4555.462705373764,3818.549319535494,3082.5270564109087,3090.867081731558,3898.4011144936085,2615.3646097183228,3390.2114982903004,2405.5876910984516,3001.6593071222305,2602.9646228551865,2385.282070040703,2676.46581992507,1974.1222433447838,1330.0904987752438,1216.3068248927593,2538.411617666483,1655.71324005723,1480.8105844557285,786.0618454813957,1008.69458091259,1237.713284254074,1961.8867573738098,1185.8196059465408,991.84610709548,1063.4620430469513,622.6446481049061,367.5101226568222,429.89419251680374,1006.3930892944336,429.97821283340454,1316.0262988209724,647.0832489132881,503.6734885573387,519.8787689507008,380.096152305603,169.820241689682,394.4147296845913,290.69186094403267,209.34166464209557,353.21640080213547,146.20681196451187,332.88926219940186,251.93583244085312,280.847348511219,196.34165352582932,323.8804650902748,253.99599117040634

Similarity matrix,Al-Fatiha,Al-Baqarah,Al Imran,An-Nisa,Al-Maidah,Al-Anam,Al-Araf,Al-Anfal,At-Tawbah,Yunus,Hud,Yusuf,Ar-Rad,Ibrahim,Al-Hijr,An-Nahl,Al-Isra,Al-Kahf,Maryam,Ta-Ha,Al-Anbiya,Al-Hajj,Al-Muminun,An-Nur,Al-Furqan,Ash-Shuara,An-Naml,Al-Qasas,Al-Ankabut,Ar-Rum,Luqmaan,As-Sajda,Al-Ahzaab,Saba (surah),Faatir,Yaseen,As-Saaffaat,Saad,Az-Zumar,Ghafir,Fussilat,Ash_Shooraa,Az-Zukhruf,Ad-Dukhaan,Al-Jaathiyah,Al-Ahqaaf,Muhammad,Al-Fath,Al-Hujuraat,Qaaf,Adh-Dhaariyaat,At-Toor,An-Najm,Al-Qamar,Ar-Rahman,Al-Waqia,Al-Hadeed,Al-Mujadila,Al-Hashr,Al-Mumtahanah,As-Saff,Al-Jumuah,Al-Munafiqoon,At-Taghabun,At-Talaq,At-Tahreem,Al-Mulk,Al-Qalam,Al-Haaqqa,Al-Maaarij,Nooh,Al-Jinn,Al-Muzzammil,Al-Muddaththir,Al-Qiyamah,Al-Insaan,Al-Mursalaat,An-Naba,An-Naaziaat,Abasa,At-Takweer,Al-Infitar,Al-Mutaffifeen,Al-Inshiqaaq,Al-Burooj,At-Taariq,Al-Alaa,Al-Ghaashiyah,Al-Fajr,Al-Balad,Ash-Shams,Al-Layl,Ad-Dhuha,Ash-Sharh,At-Teen,Al-Alaq,Al-Qadr,Al-Bayyinahh,Az-Zalzalah,Al-Aadiyaat,Al-Qaariah,At-Takaathur,Al-Asr,Al-Humazah,Al-Feel,Quraysh,Al-Maaoon,Al-Kawthar,Al-Kaafiroon,An-Nasr,Al-Masad,Al-Ikhlaas,Al-Falaq,Al-Naas
Al-Fatiha,0.0,0.07201115041971207,0.38769328594207764,0.13087713718414307,0.2803322970867157,0.5052904486656189,0.5657879114151001,0.26443055272102356,0.15579743683338165,0.6828263401985168,0.6517313122749329,0.35909178853034973,0.4255524277687073,0.7080942392349243,0.5698223114013672,0.43462127447128296,0.5319482684135437,0.37631335854530334,0.6187587380409241,0.4237225651741028,0.5804518461227417,0.40228915214538574,0.6115262508392334,0.2279081791639328,0.5329853296279907,0.5338544845581055,0.5295906066894531,0.5250569581985474,0.6873849034309387,0.557497501373291,0.5634413361549377,0.6055517792701721,0.19837753474712372,0.655447244644165,0.4575131833553314,0.5272254943847656,0.48496606945991516,0.6183733344078064,0.6696426868438721,0.8018914461135864,0.547447919845581,0.5597321391105652,0.7015458941459656,0.5606160759925842,0.6911304593086243,0.7189438343048096,0.3116913139820099,0.41506797075271606,0.43436434864997864,0.5340836048126221,0.515134334564209,0.4881880283355713,0.4842127859592438,0.4519504904747009,0.46369555592536926,0.3318655490875244,0.3812504708766937,0.40405160188674927,0.5644937753677368,0.5446372628211975,0.6016532778739929,0.6331915259361267,0.44431787729263306,0.6189939975738525,0.39688679575920105,0.5764501690864563,0.5076581835746765,0.5461777448654175,0.4350912570953369,0.48372554779052734,0.5242426991462708,0.6161772608757019,0.5230650901794434,0.6103077530860901,0.5178818702697754,0.44888514280319214,0.4583487808704376,0.48101356625556946,0.5611281991004944,0.4758101999759674,0.4917622208595276,0.5400204062461853,0.5526138544082642,0.47794318199157715,0.6046788692474365,0.47500061988830566,0.6735620498657227,0.44809871912002563,0.5769897699356079,0.43433046340942383,0.44202372431755066,0.6241123080253601,0.6634383797645569,0.5064789056777954,0.6815550327301025,0.6661045551300049,0.17420299351215363,0.5795103311538696,0.2855604588985443,0.5846979022026062,0.5149797201156616,0.4984982907772064,0.45839643478393555,0.5242211818695068,0.57787024974823,0.5449167490005493,0.6405093669891357,0.6908862590789795,0.699019193649292,0.724509596824646,0.5758481025695801,0.36988162994384766,0.371931254863739,0.5846180319786072
Al-Baqarah,0.07201115041971207,0.0,0.6850333213806152,0.7909555435180664,0.7589163780212402,0.03435954824090004,-0.08755682408809662,0.6727697253227234,0.6673188805580139,0.11262203007936478,-0.09082294255495071,0.09500071406364441,0.30279749631881714,0.2891724407672882,0.0072462973184883595,0.40283048152923584,0.25973546504974365,-0.07623002678155899,-0.040330324321985245,0.15216897428035736,-0.01124311052262783,0.46782946586608887,-0.02481110207736492,0.8084179759025574,0.2103085070848465,-0.04832373186945915,0.10648655891418457,0.27314895391464233,0.3119906783103943,0.37371498346328735,0.4890839457511902,0.19353130459785461,0.7895976305007935,0.1311493217945099,0.5274993777275085,0.17771859467029572,0.004603552632033825,0.030546564608812332,0.11309070140123367,0.21700112521648407,0.26503244042396545,0.436629056930542,0.12922723591327667,0.13411101698875427,0.36002427339553833,0.1917336881160736,0.5095435380935669,0.6281148195266724,0.7682982683181763,0.0018839305266737938,0.2247868925333023,0.2283850461244583,0.34494349360466003,0.08591704815626144,0.052031174302101135,0.19517554342746735,0.6492921710014343,0.7162678241729736,0.5839840173721313,0.6127364039421082,0.5538028478622437,0.530479371547699,0.5580625534057617,0.5669777989387512,0.7273833155632019,0.3827345669269562,0.20478950440883636,0.2663117051124573,0.29316282272338867,0.38527369499206543,0.4154764413833618,0.45849964022636414,0.48616936802864075,0.43965134024620056,0.20171426236629486,0.26659759879112244,0.17373870313167572,0.1834476739168167,0.13811661303043365,0.3582410216331482,0.25674793124198914,0.3389601409435272,0.0880265086889267,0.24643270671367645,0.3270161747932434,0.3980444073677063,0.3058292269706726,0.29670536518096924,0.1692594587802887,0.3340767025947571,0.2037644237279892,0.3689948618412018,0.2558050751686096,0.3241729140281677,0.4262916147708893,0.41028326749801636,-0.02998407930135727,0.4415264427661896,0.23819909989833832,0.3910871744155884,0.24831326305866241,0.39762598276138306,0.45113882422447205,0.43606382608413696,0.3292924165725708,0.49854931235313416,0.42530855536460876,0.2737460136413574,0.35532838106155396,0.4364278018474579,0.4295123517513275,0.07573500275611877,0.06796088814735413,0.2993612587451935
Al Imran,0.38769328594207764,0.6850333213806152,0.0,0.6858608722686768,0.8324921131134033,0.1877172887325287,0.03289185091853142,0.819514274597168,0.7428163886070251,0.38182902336120605,0.16114044189453125,-0.06457800418138504,0.5333428382873535,0.4309386909008026,0.0425821878015995,0.5075506567955017,0.1875954419374466,-0.017917843535542488,0.08270876854658127,0.11782447248697281,0.14257200062274933,0.6016145348548889,0.1938406378030777,0.7111276984214783,0.4416888654232025,0.06889908015727997,0.12180224061012268,0.3343163728713989,0.639204740524292,0.503733217716217,0.5084826350212097,0.453468382358551,0.7237417101860046,0.42177310585975647,0.5496048927307129,0.1745975762605667,0.19578255712985992,0.2247486561536789,0.48901039361953735,0.6297308206558228,0.525454580783844,0.6566418409347534,0.39747336506843567,0.2921595871448517,0.6368030905723572,0.4803790748119354,0.729529082775116,0.7802069187164307,0.747817873954773,0.15346184372901917,0.22936616837978363,0.40864792466163635,0.41974660754203796,0.20842532813549042,0.11787708103656769,0.29110953211784363,0.747373104095459,0.7871592044830322,0.7905245423316956,0.7459449172019958,0.7012490630149841,0.681801438331604,0.6389449238777161,0.7590950131416321,0.670310378074646,0.5174201130867004,0.3405333161354065,0.4213019013404846,0.37848541140556335,0.4491245746612549,0.43712109327316284,0.5629058480262756,0.5055791735649109,0.5842924118041992,0.24741283059120178,0.32587534189224243,0.2706672251224518,0.2501605153083801,0.3024613857269287,0.3064941465854645,0.3323914706707001,0.42974570393562317,0.36180928349494934,0.43707799911499023,0.6706221103668213,0.3520486652851105,0.49029308557510376,0.3246926963329315,0.29778963327407837,0.31133413314819336,0.2837121784687042,0.5209285020828247,0.38637447357177734,0.3301031291484833,0.5722054243087769,0.4607461988925934,-0.036410074681043625,0.7380505204200745,0.20345789194107056,0.4609602391719818,0.49990180134773254,0.47761011123657227,0.5460510849952698,0.5356422662734985,0.3974144458770752,0.632308304309845,0.6728146076202393,0.5493627786636353,0.5406275391578674,0.5958268046379089,0.4976082146167755,0.12789949774742126,0.273899644613266,0.5845818519592285
An-Nisa,0.13087713718414307,0.7909555435180664,0.6858608722686768,0.0,0.781415581703186,-0.029432784765958786,-0.2590063810348511,0.757836103439331,0.7468039393424988,0.02601422742009163,-0.1645544320344925,-0.09113774448633194,0.39500316977500916,0.15723858773708344,-0.1473499983549118,0.38768094778060913,0.2796095311641693,-0.07111299782991409,-0.04201170429587364,-0.07790646702051163,-0.18399456143379211,0.44343796372413635,-0.06232454627752304,0.8533151149749756,0.30575597286224365,-0.22798766195774078,-0.0550982840359211,0.07977624982595444,0.2826564311981201,0.23696359992027283,0.5078930854797363,0.08910602331161499,0.9185847640037537,0.24200846254825592,0.6014899015426636,0.016962794587016106,-0.02113964594900608,-0.0915936678647995,0.19079723954200745,0.217082679271698,0.18845318257808685,0.5306870937347412,0.1064508855342865,0.10867328941822052,0.22595757246017456,0.1603083312511444,0.6161736249923706,0.7661548852920532,0.7641404867172241,-0.10487549751996994,0.08161428570747375,0.2695501148700714,0.32948967814445496,-0.051619838923215866,0.022111661732196808,0.16508835554122925,0.5795823335647583,0.7962228655815125,0.6257284879684448,0.7671039700508118,0.4922485649585724,0.4541367292404175,0.563277006149292,0.5347341299057007,0.7554351687431335,0.37713614106178284,0.25163331627845764,0.2339613139629364,0.16053062677383423,0.397325336933136,0.38479045033454895,0.48997262120246887,0.4098585546016693,0.3329952359199524,0.0966993197798729,0.2844299077987671,0.014269856736063957,0.2036978304386139,0.040507834404706955,0.28950369358062744,0.17122066020965576,0.3059794008731842,0.03586554527282715,0.22431688010692596,0.34937945008277893,0.30329662561416626,0.2893366515636444,0.2554871439933777,0.15872304141521454,0.2167428880929947,0.06107168644666672,0.32850372791290283,0.24552617967128754,0.29569098353385925,0.36310669779777527,0.35822686553001404,-0.10651310533285141,0.47687020897865295,0.1808098405599594,0.33446893095970154,0.21775619685649872,0.3444245159626007,0.40911683440208435,0.41411495208740234,0.32875388860702515,0.5538042187690735,0.41062137484550476,0.2597567141056061,0.38783448934555054,0.44376158714294434,0.4021017551422119,0.15634524822235107,0.10736384987831116,0.2917279899120331
Al-Maidah,0.2803322970867157,0.7589163780212402,0.8324921131134033,0.781415581703186,0.0,0.05267001688480377,0.038267143070697784,0.7776950001716614,0.7685872912406921,0.16561713814735413,0.011616499163210392,0.06344971805810928,0.39137962460517883,0.36389392614364624,0.021167948842048645,0.4590907692909241,0.15061400830745697,-0.05085398256778717,0.0693836659193039,0.18611979484558105,0.052421506494283676,0.5063614249229431,0.06239843741059303,0.7914593815803528,0.24980057775974274,0.09552072733640671,0.09587358683347702,0.3233644366264343,0.46199509501457214,0.3440403640270233,0.49751830101013184,0.3360120356082916,0.8442620038986206,0.21153080463409424,0.45691344141960144,0.1339704543352127,0.10444104671478271,0.12050989270210266,0.2655698359012604,0.4535641372203827,0.31317225098609924,0.447097510099411,0.30312708020210266,0.21523025631904602,0.4501037299633026,0.39724141359329224,0.7092635035514832,0.7603102326393127,0.8323574662208557,0.029458357021212578,0.312745600938797,0.3631863296031952,0.3631373345851898,0.12793734669685364,0.17309853434562683,0.19106699526309967,0.7071402072906494,0.8470557332038879,0.7105637788772583,0.7980930209159851,0.7291120290756226,0.6246341466903687,0.7288469672203064,0.6742547154426575,0.689899206161499,0.4984896183013916,0.18850097060203552,0.3882048726081848,0.3355240225791931,0.4056603014469147,0.48258692026138306,0.5160378813743591,0.5492185950279236,0.4769115447998047,0.16523794829845428,0.26838645339012146,0.20358434319496155,0.2007223665714264,0.1483793556690216,0.29451823234558105,0.25675317645072937,0.38172852993011475,0.22863344848155975,0.32421058416366577,0.5175553560256958,0.3342511057853699,0.3858034014701843,0.27394527196884155,0.2030504196882248,0.3448581099510193,0.1922709345817566,0.36819228529930115,0.3400668203830719,0.39374104142189026,0.5494083166122437,0.45365121960639954,-0.048212628811597824,0.6756362318992615,0.17967528104782104,0.44102826714515686,0.36267685890197754,0.4614567756652832,0.5540091395378113,0.4574239253997803,0.414133757352829,0.636486828327179,0.5951169729232788,0.4878125488758087,0.5382641553878784,0.5577781796455383,0.4982512891292572,-0.02529091015458107,0.22288353741168976,0.5136428475379944
Al-Anam,0.5052904486656189,0.03435954824090004,0.1877172887325287,-0.029432784765958786,0.05267001688480377,0.0,0.5560365319252014,0.17758288979530334,-0.050786733627319336,0.7718709111213684,0.4872100055217743,0.25858229398727417,0.6015581488609314,0.49912604689598083,0.5241687893867493,0.7009731531143188,0.45516130328178406,0.4547620713710785,0.31860971450805664,0.31031376123428345,0.5240636467933655,0.41248008608818054,0.6317597031593323,0.07297894358634949,0.49093884229660034,0.2681548297405243,0.5409318208694458,0.3512732982635498,0.5626829862594604,0.4800877869129181,0.4399872124195099,0.6160841584205627,-0.08397196978330612,0.734451174736023,0.4599253535270691,0.5646411776542664,0.3641127943992615,0.4762434959411621,0.5757681131362915,0.49685391783714294,0.6715006232261658,0.5531163215637207,0.6999276280403137,0.4646555781364441,0.6210222244262695,0.5855298638343811,0.39812374114990234,0.17071935534477234,0.2554950714111328,0.5590274333953857,0.4249633252620697,0.5092918872833252,0.6297650933265686,0.46264615654945374,0.3187559247016907,0.41033777594566345,0.23265111446380615,0.17998547852039337,0.296565979719162,0.20956599712371826,0.2791491746902466,0.504496693611145,0.3339706063270569,0.42420676350593567,0.29598817229270935,0.24293676018714905,0.6556918025016785,0.5329773426055908,0.44862502813339233,0.35710176825523376,0.3093778192996979,0.518441915512085,0.3410411477088928,0.5726335644721985,0.4443953037261963,0.32658204436302185,0.44739973545074463,0.3765524923801422,0.4326184391975403,0.38844433426856995,0.48768350481987,0.49965235590934753,0.5433318018913269,0.4791907072067261,0.4011838436126709,0.5163050889968872,0.4670150578022003,0.4385782778263092,0.3621513843536377,0.41665565967559814,0.3357528746128082,0.43976274132728577,0.5084614753723145,0.48770222067832947,0.4842120110988617,0.6047638058662415,0.19560225307941437,0.37698477506637573,0.44419044256210327,0.46286165714263916,0.4856054484844208,0.5060775876045227,0.4338114559650421,0.4436517357826233,0.5838280916213989,0.3381428122520447,0.38835054636001587,0.48731327056884766,0.5231103897094727,0.46830829977989197,0.418035626411438,0.4193589687347412,0.4307718276977539,0.3151295781135559
Al-Araf,0.5657879114151001,-0.08755682408809662,0.03289185091853142,-0.2590063810348511,0.038267143070697784,0.5560365319252014,0.0,-0.08013390749692917,-0.15740418434143066,0.5592929720878601,0.6899937987327576,0.6017163395881653,0.18071705102920532,0.585894763469696,0.7694448828697205,0.2757910490036011,0.3620756268501282,0.6027756333351135,0.6223113536834717,0.6931670308113098,0.8108471035957336,0.11521309614181519,0.7015084624290466,-0.13591986894607544,0.3268154263496399,0.7351517081260681,0.6211879849433899,0.6935237646102905,0.5681300759315491,0.3740732967853546,0.22100473940372467,0.6976149678230286,-0.11761456727981567,0.4464074969291687,0.14458879828453064,0.6727203726768494,0.7010628581047058,0.69530189037323,0.3254164159297943,0.5036683678627014,0.4448654353618622,0.15106579661369324,0.7459705471992493,0.6008780002593994,0.575752317905426,0.6847816705703735,0.2174302339553833,0.07369382679462433,0.18285633623600006,0.5908616185188293,0.6598697900772095,0.5056754946708679,0.31147509813308716,0.6577361822128296,0.46755754947662354,0.3337719142436981,0.12709850072860718,0.09736406058073044,0.1993304044008255,0.16533489525318146,0.36791932582855225,0.35144585371017456,0.30572953820228577,0.3090796172618866,0.2088342159986496,0.42622849345207214,0.2945713996887207,0.6469379663467407,0.5271150469779968,0.33252188563346863,0.5255110263824463,0.4406563937664032,0.3833581805229187,0.5084697008132935,0.42624884843826294,0.38879361748695374,0.5155794024467468,0.425852507352829,0.45067039132118225,0.45036938786506653,0.4059126079082489,0.32356977462768555,0.5621962547302246,0.4662950336933136,0.34558600187301636,0.3294113874435425,0.5014454126358032,0.4324250817298889,0.3968169689178467,0.4777943789958954,0.4353610873222351,0.4222641885280609,0.589873731136322,0.49113431572914124,0.5407222509384155,0.4938587248325348,0.2892151474952698,0.4623675048351288,0.3385184705257416,0.3917628824710846,0.42246490716934204,0.40980321168899536,0.5087718963623047,0.36208322644233704,0.6202532649040222,0.353889524936676,0.4016861915588379,0.6028724908828735,0.5306891202926636,0.38310888409614563,0.5165993571281433,-0.0535854771733284,0.1680072396993637,0.3485894501209259
Al-Anfal,0.26443055272102356,0.6727697253227234,0.819514274597168,0.757836103439331,0.7776950001716614,0.17758288979530334,-0.08013390749692917,0.0,0.852343738079071,0.2966408133506775,0.010212112218141556,-0.1527206003665924,0.6399574875831604,0.4045414626598358,0.06017780676484108,0.5778118371963501,0.23986564576625824,-0.009763415902853012,-0.024829555302858353,-0.0004885278176516294,0.07279643416404724,0.6933321952819824,0.19996358454227448,0.8591474294662476,0.574079692363739,0.005148141644895077,0.10297457128763199,0.1651931256055832,0.5617097616195679,0.5772311687469482,0.5860635042190552,0.43524813652038574,0.792509138584137,0.41856640577316284,0.7022639513015747,0.2143109142780304,0.16435858607292175,0.1412011831998825,0.4011092483997345,0.4957537353038788,0.4995570480823517,0.629621148109436,0.35617151856422424,0.3955518305301666,0.5352416634559631,0.399069607257843,0.800438642501831,0.8498849868774414,0.7677428722381592,0.15698310732841492,0.31882593035697937,0.5085187554359436,0.474242627620697,0.2760203182697296,0.15933573246002197,0.4328464865684509,0.7635865807533264,0.8386572599411011,0.836077868938446,0.7143486738204956,0.6417620778083801,0.6577163934707642,0.7321442365646362,0.691608190536499,0.7202725410461426,0.42804816365242004,0.4034254550933838,0.4441332519054413,0.4348768889904022,0.6061071157455444,0.5090438723564148,0.5355932116508484,0.5914835929870605,0.5379061102867126,0.297198623418808,0.4513596296310425,0.32399964332580566,0.345126211643219,0.3482513129711151,0.38521644473075867,0.3967691957950592,0.49352073669433594,0.39168581366539,0.45487499237060547,0.6714684963226318,0.4156999886035919,0.4675118923187256,0.4634860157966614,0.33141833543777466,0.34846022725105286,0.3779680132865906,0.493069052696228,0.36604204773902893,0.41933727264404297,0.5619091391563416,0.455684632062912,0.12887650728225708,0.7303541898727417,0.30888256430625916,0.5552532076835632,0.5336536169052124,0.544602632522583,0.5128059983253479,0.5718727707862854,0.5301815867424011,0.6277984380722046,0.6609781384468079,0.4728137254714966,0.41120028495788574,0.6395267248153687,0.5318256616592407,0.12396692484617233,0.3009475767612457,0.4965241551399231
At-Tawbah,0.15579743683338165,0.6673188805580139,0.7428163886070251,0.7468039393424988,0.7685872912406921,-0.050786733627319336,-0.15740418434143066,0.852343738079071,0.0,0.11007777601480484,-0.21592654287815094,-0.24678170680999756,0.4706276059150696,0.2602163851261139,-0.20397436618804932,0.4202965497970581,0.01077648438513279,-0.1849791258573532,-0.21004758775234222,-0.12961742281913757,-0.10431800782680511,0.5775460600852966,-0.004113433416932821,0.8282057642936707,0.3167177736759186,-0.14276115596294403,-0.14037252962589264,-0.0012139317113906145,0.41068515181541443,0.4487836956977844,0.47665056586265564,0.261359840631485,0.7832813858985901,0.2013573795557022,0.5203348398208618,0.07620104402303696,-0.008478534407913685,-0.08476528525352478,0.295376718044281,0.443267822265625,0.2891806960105896,0.4315960109233856,0.11313783377408981,0.15890096127986908,0.3959750533103943,0.2739463448524475,0.7490613460540771,0.7926568388938904,0.6944065690040588,-0.04352825507521629,0.09068037569522858,0.4063844084739685,0.23663094639778137,-0.03164118900895119,0.021044570952653885,0.1888803094625473,0.6929258108139038,0.8776689171791077,0.7741230726242065,0.6857486367225647,0.5617871284484863,0.4503459334373474,0.7412339448928833,0.5687122344970703,0.6345216631889343,0.2404884248971939,0.11368472129106522,0.2740512788295746,0.18179020285606384,0.46483924984931946,0.37295159697532654,0.39253413677215576,0.4076244533061981,0.3561704158782959,0.12885937094688416,0.30087751150131226,0.18005801737308502,0.18832185864448547,0.09320682287216187,0.17928455770015717,0.17382709681987762,0.3576255738735199,0.26451125741004944,0.2378428429365158,0.5217950344085693,0.22802218794822693,0.2885303795337677,0.2792322337627411,0.0806538388133049,0.24267277121543884,0.15188589692115784,0.31277069449424744,0.2193954885005951,0.2373904436826706,0.39699167013168335,0.2644864618778229,-0.05913270264863968,0.6535484790802002,0.15189944207668304,0.411416232585907,0.4133893847465515,0.423026978969574,0.42466381192207336,0.46403035521507263,0.27731263637542725,0.5813689827919006,0.5494940280914307,0.23791980743408203,0.27918943762779236,0.5081623792648315,0.3984726071357727,0.0004994698683731258,0.10852500796318054,0.3632151484489441
Yunus,0.6828263401985168,0.11262203007936478,0.38182902336120605,0.02601422742009163,0.16561713814735413,0.7718709111213684,0.5592929720878601,0.2966408133506775,0.11007777601480484,0.0,0.6852707266807556,0.29042738676071167,0.4996434450149536,0.6782083511352539,0.5784867405891418,0.5144636034965515,0.47776055335998535,0.49334925413131714,0.4248257279396057,0.40852418541908264,0.6988310813903809,0.3837851285934448,0.7880452275276184,0.14204749464988708,0.5864315629005432,0.5341891646385193,0.5668240189552307,0.4751945436000824,0.7454493641853333,0.6031219959259033,0.5007861852645874,0.732130765914917,0.028571782633662224,0.8299560546875,0.4566030502319336,0.6598007082939148,0.4879206418991089,0.5634186863899231,0.6574950814247131,0.7226470708847046,0.7232651114463806,0.5400530099868774,0.7605769038200378,0.6174026131629944,0.7597193717956543,0.7831527590751648,0.36594927310943604,0.24316738545894623,0.34947293996810913,0.6709301471710205,0.5494203567504883,0.62477046251297,0.542100727558136,0.5766195058822632,0.37803125381469727,0.521253764629364,0.283945232629776,0.3485858738422394,0.48564139008522034,0.3757331967353821,0.412100225687027,0.593392550945282,0.5217732191085815,0.5494248270988464,0.3166428804397583,0.31490859389305115,0.6492949724197388,0.695365309715271,0.5910069346427917,0.4706401824951172,0.4757205843925476,0.64793860912323,0.43969038128852844,0.6643721461296082,0.5661871433258057,0.3640623986721039,0.6360651254653931,0.5163347125053406,0.5498802661895752,0.4787490963935852,0.591514527797699,0.5990409255027771,0.7329305410385132,0.5070226192474365,0.5658318996429443,0.5428680181503296,0.5399318337440491,0.5508943796157837,0.4690246284008026,0.4991334080696106,0.3597528040409088,0.5578339695930481,0.6395885348320007,0.5711190700531006,0.5854992270469666,0.6640459895133972,0.2563384473323822,0.5242469310760498,0.44710442423820496,0.5823909640312195,0.5824586153030396,0.6683813333511353,0.48946765065193176,0.5102524161338806,0.6363416314125061,0.43397754430770874,0.5446603894233704,0.5495432019233704,0.6676689386367798,0.6273731589317322,0.5413016080856323,0.42805466055870056,0.32451507449150085,0.42751678824424744
Hud,0.6517313122749329,-0.09082294255495071,0.16114044189453125,-0.1645544320344925,0.011616499163210392,0.4872100055217743,0.6899937987327576,0.010212112218141556,-0.21592654287815094,0.6852707266807556,0.0,0.6784440875053406,0.1617729514837265,0.6498277187347412,0.7557965517044067,0.2298702597618103,0.4751725494861603,0.7017412781715393,0.7619445323944092,0.722684383392334,0.7767117619514465,0.09823748469352722,0.7211545705795288,-0.10679938644170761,0.44232505559921265,0.7955906391143799,0.690952479839325,0.7166998386383057,0.6258206963539124,0.3417402505874634,0.30627089738845825,0.6119562983512878,-0.06565237045288086,0.550136148929596,0.2127755582332611,0.6038133502006531,0.6521434783935547,0.7485095858573914,0.5064003467559814,0.5225504636764526,0.5253838896751404,0.32727742195129395,0.7208693027496338,0.5875589847564697,0.5880751609802246,0.7112950682640076,0.13582901656627655,0.08042073249816895,0.20535367727279663,0.6523041129112244,0.6901094317436218,0.4434095323085785,0.45699381828308105,0.7452236413955688,0.4594269394874573,0.34626656770706177,0.07781816273927689,0.10223513096570969,0.2909700870513916,0.28050053119659424,0.43701061606407166,0.44768214225769043,0.22518222033977509,0.4464717209339142,0.2127198576927185,0.5549074411392212,0.5281441807746887,0.6769219040870667,0.5628468990325928,0.3857111632823944,0.5487803220748901,0.5049565434455872,0.41523873805999756,0.5872703790664673,0.5395956635475159,0.36415812373161316,0.47242093086242676,0.4804266095161438,0.6311294436454773,0.5596318244934082,0.5269802212715149,0.37611123919487,0.4986459016799927,0.4833807647228241,0.38882896304130554,0.4220222532749176,0.6296136975288391,0.4822506308555603,0.6165863275527954,0.4417667090892792,0.5247979760169983,0.6259776949882507,0.6139364242553711,0.5279560685157776,0.5464755296707153,0.6151548624038696,0.2406102567911148,0.35447680950164795,0.40227580070495605,0.43837887048721313,0.41872671246528625,0.44009608030319214,0.4409499764442444,0.314964234828949,0.5713116526603699,0.3688511550426483,0.47208869457244873,0.6560904383659363,0.6648783087730408,0.49867987632751465,0.5282882452011108,0.28283941745758057,0.2303692102432251,0.38295355439186096
Yusuf,0.35909178853034973,0.09500071406364441,-0.06457800418138504,-0.09113774448633194,0.06344971805810928,0.25858229398727417,0.6017163395881653,-0.1527206003665924,-0.24678170680999756,0.29042738676071167,0.6784440875053406,0.0,-0.08184178918600082,0.5060517191886902,0.7093127369880676,0.09810519218444824,0.45945626497268677,0.6660906672477722,0.7485957741737366,0.818452775478363,0.6652126908302307,-0.03163205832242966,0.4981871545314789,-0.034585822373628616,0.13303682208061218,0.7364147305488586,0.7764052748680115,0.7945967316627502,0.29631149768829346,0.13576704263687134,0.30121567845344543,0.3708133399486542,0.05883501097559929,0.24062643945217133,0.06510021537542343,0.5737844109535217,0.5934224724769592,0.6500660181045532,0.17512351274490356,0.18935544788837433,0.18550227582454681,0.08382068574428558,0.5024699568748474,0.4401814937591553,0.31417977809906006,0.5073596835136414,-0.048399098217487335,0.01018102653324604,0.22191759943962097,0.5645838975906372,0.7265505790710449,0.27442559599876404,0.4406803548336029,0.532906174659729,0.4680359959602356,0.18058933317661285,0.0398956798017025,0.09087458997964859,0.0889325812458992,0.13086874783039093,0.38664552569389343,0.37764284014701843,0.14597932994365692,0.28426358103752136,0.24841593205928802,0.5540337562561035,0.27016666531562805,0.5404757857322693,0.4846436381340027,0.3005346655845642,0.5080701112747192,0.3996637761592865,0.40029072761535645,0.4752071499824524,0.5513260960578918,0.2713175415992737,0.37386220693588257,0.43609222769737244,0.4979545772075653,0.6292396783828735,0.5297704935073853,0.35616567730903625,0.2490726113319397,0.39574095606803894,0.13128136098384857,0.48485785722732544,0.5054667592048645,0.4036211371421814,0.4505936801433563,0.5618786215782166,0.4764838218688965,0.4645335078239441,0.48181161284446716,0.48942315578460693,0.47080740332603455,0.6096165180206299,0.3335098922252655,0.14686977863311768,0.380565881729126,0.4510193169116974,0.23652563989162445,0.35147926211357117,0.3693471848964691,0.2796408534049988,0.5034089088439941,0.29878801107406616,0.24426928162574768,0.46884533762931824,0.5578951239585876,0.3838185667991638,0.5685926079750061,0.23472581803798676,0.13316714763641357,0.2678442895412445
Ar-Rad,0.4255524277687073,0.30279749631881714,0.5333428382873535,0.39500316977500916,0.39137962460517883,0.6015581488609314,0.18071705102920532,0.6399574875831604,0.4706276059150696,0.4996434450149536,0.1617729514837265,-0.08184178918600082,0.0,0.5602939128875732,0.3112185001373291,0.879848301410675,0.485942542552948,0.2589810788631439,0.23473823070526123,0.10551507771015167,0.2819116711616516,0.8867178559303284,0.4486687183380127,0.552263081073761,0.7870422601699829,-0.011572321876883507,0.3500800132751465,0.16977965831756592,0.590283215045929,0.7476396560668945,0.748190701007843,0.6622883081436157,0.34285950660705566,0.7196943759918213,0.8497717380523682,0.4439655840396881,0.30952805280685425,0.4131546914577484,0.7233292460441589,0.5774804353713989,0.7620694041252136,0.8237708806991577,0.539588987827301,0.5533737540245056,0.6867262721061707,0.4862319827079773,0.7170037031173706,0.7019437551498413,0.4852167069911957,0.5074883103370667,0.35332345962524414,0.6868443489074707,0.7395550608634949,0.36746498942375183,0.42032551765441895,0.6574909090995789,0.7276186943054199,0.5449721217155457,0.6390829086303711,0.41707679629325867,0.42468854784965515,0.7105069756507874,0.5192422866821289,0.6910889744758606,0.6674094200134277,0.33088746666908264,0.7300175428390503,0.5355254411697388,0.5978836417198181,0.7187914252281189,0.49451151490211487,0.6566397547721863,0.6428489685058594,0.6790410876274109,0.574155867099762,0.6939123868942261,0.561501681804657,0.6157563924789429,0.5847899913787842,0.5380993485450745,0.6173434257507324,0.7427092790603638,0.5623740553855896,0.7462008595466614,0.7184794545173645,0.6733111143112183,0.6458883285522461,0.6799732446670532,0.5723870992660522,0.46052372455596924,0.5224353671073914,0.6357054710388184,0.5478483438491821,0.5333741307258606,0.6476308703422546,0.598330557346344,0.3782608211040497,0.6911448836326599,0.6355605125427246,0.6940867304801941,0.7642188668251038,0.653742790222168,0.5358388423919678,0.7937707901000977,0.6244261264801025,0.5888018608093262,0.667599081993103,0.5562853217124939,0.46635082364082336,0.6526268124580383,0.6238028407096863,0.3140254616737366,0.6207218170166016,0.5275895595550537
Ibrahim,0.7080942392349243,0.2891724407672882,0.4309386909008026,0.15723858773708344,0.36389392614364624,0.49912604689598083,0.585894763469696,0.4045414626598358,0.2602163851261139,0.6782083511352539,0.6498277187347412,0.5060517191886902,0.5602939128875732,0.0,0.6798531413078308,0.5702793002128601,0.6557917594909668,0.5315945148468018,0.669343888759613,0.6979741454124451,0.6673924922943115,0.6293569803237915,0.7212080955505371,0.396037220954895,0.6464276909828186,0.6605663895606995,0.6401064395904541,0.6169977188110352,0.6618905663490295,0.7133226990699768,0.7697610259056091,0.8131864666938782,0.3205755949020386,0.6249570846557617,0.6147381067276001,0.7305946350097656,0.5506200790405273,0.7684552073478699,0.6080750226974487,0.7210743427276611,0.647922694683075,0.6214032769203186,0.7643795609474182,0.7877293825149536,0.8254363536834717,0.7020759582519531,0.44101908802986145,0.5343953967094421,0.50637286901474,0.7758085131645203,0.7254352569580078,0.7069107294082642,0.7043253183364868,0.707131564617157,0.736901044845581,0.6198204755783081,0.6100520491600037,0.4724837839603424,0.6408935785293579,0.47462403774261475,0.6103697419166565,0.774204432964325,0.5599141716957092,0.768425464630127,0.6161625981330872,0.5967665314674377,0.6076067090034485,0.7682917714118958,0.7844513058662415,0.7562059760093689,0.7262075543403625,0.7217100858688354,0.8001439571380615,0.7877151966094971,0.7756590247154236,0.7124454975128174,0.7113429307937622,0.7526800632476807,0.7712486982345581,0.7631517052650452,0.7756990194320679,0.7674757838249207,0.6410230398178101,0.7156491279602051,0.6964130997657776,0.7716082334518433,0.7866829037666321,0.8006821870803833,0.7594335675239563,0.6093425154685974,0.7001563310623169,0.7910450100898743,0.7438279986381531,0.8414674997329712,0.786806583404541,0.7671245336532593,0.4942595660686493,0.6590040326118469,0.6096283197402954,0.7984713912010193,0.6872910857200623,0.6883086562156677,0.5488165616989136,0.7329582571983337,0.7270767092704773,0.6787614822387695,0.7199442386627197,0.7376644611358643,0.7332152128219604,0.8618754744529724,0.8233681321144104,0.21321675181388855,0.3808874189853668,0.5769187808036804
Al-Hijr,0.5698223114013672,0.0072462973184883595,0.0425821878015995,-0.1473499983549118,0.021167948842048645,0.5241687893867493,0.7694448828697205,0.06017780676484108,-0.20397436618804932,0.5784867405891418,0.7557965517044067,0.7093127369880676,0.3112185001373291,0.6798531413078308,0.0,0.3740697205066681,0.678356945514679,0.6871625781059265,0.7701496481895447,0.7318425178527832,0.886580765247345,0.27555936574935913,0.7978648543357849,-0.023858917877078056,0.5726708769798279,0.8021447658538818,0.8628336787223816,0.7309675216674805,0.5676050186157227,0.5118438601493835,0.42747852206230164,0.7450627684593201,-0.032767899334430695,0.6043829321861267,0.3801800310611725,0.798498809337616,0.7839191555976868,0.8473212122917175,0.36069124937057495,0.4220398962497711,0.5968965888023376,0.32189178466796875,0.8066281676292419,0.7876448631286621,0.6192232370376587,0.6732531189918518,0.12133040279150009,0.16215744614601135,0.2057473063468933,0.8051297664642334,0.8483526706695557,0.5389944314956665,0.5816099047660828,0.8307188153266907,0.6147060394287109,0.5836193561553955,0.25715044140815735,0.09534517675638199,0.2602714002132416,0.1377364546060562,0.36944082379341125,0.5553589463233948,0.23358063399791718,0.4244428277015686,0.30017879605293274,0.5427390336990356,0.5734156966209412,0.7101048231124878,0.7387044429779053,0.5016090869903564,0.6025128960609436,0.5533742308616638,0.5727818012237549,0.6292619705200195,0.6631118655204773,0.559114933013916,0.6810259222984314,0.6559154391288757,0.7160515785217285,0.6894800662994385,0.7008998990058899,0.5500558614730835,0.6027481555938721,0.6443925499916077,0.4733280539512634,0.6293625831604004,0.6568269729614258,0.6628853678703308,0.6465591788291931,0.5876798033714294,0.6500813961029053,0.6021320819854736,0.6252573728561401,0.5934712886810303,0.6676440834999084,0.6545715928077698,0.5841017365455627,0.41848888993263245,0.49013930559158325,0.6009970307350159,0.4895258843898773,0.5406374931335449,0.5191242098808289,0.5220030546188354,0.743241548538208,0.3797774016857147,0.4086097478866577,0.6809546947479248,0.5422305464744568,0.47410234808921814,0.6467694044113159,0.17955847084522247,0.4025620222091675,0.4949655532836914
